T FAR_uniform FRR_uniform FAR_quadratic FRR_quadratic FAR_normal FRR_normal
0.000000 1.000000 0.000000 0.846368 0.024740 0.820467 0.036338
0.100000 1.000000 0.000000 0.845300 0.025208 0.818557 0.036741
0.200000 1.000000 0.000000 0.844229 0.025681 0.816634 0.037148
0.300000 1.000000 0.000000 0.843155 0.026158 0.814698 0.037559
0.400000 1.000000 0.000000 0.842079 0.026639 0.812750 0.037973
0.500000 1.000000 0.000000 0.841000 0.027124 0.810789 0.038391
0.600000 1.000000 0.000000 0.839918 0.027613 0.808816 0.038812
0.700000 1.000000 0.000000 0.838834 0.028106 0.806830 0.039238
0.800000 1.000000 0.000000 0.837746 0.028603 0.804831 0.039667
0.900000 1.000000 0.000000 0.836656 0.029104 0.802820 0.040100
1.000000 1.000000 0.000000 0.835564 0.029609 0.800796 0.040537
1.100000 1.000000 0.000000 0.834469 0.030118 0.798760 0.040977
1.200000 1.000000 0.000000 0.833371 0.030631 0.796712 0.041422
1.300000 0.999355 0.000513 0.832270 0.031148 0.794651 0.041870
1.400000 0.998065 0.001538 0.831167 0.031669 0.792578 0.042323
1.500000 0.996774 0.002564 0.830062 0.032194 0.790492 0.042779
1.600000 0.995484 0.003590 0.828953 0.032723 0.788394 0.043239
1.700000 0.994194 0.004615 0.827842 0.033255 0.786284 0.043704
1.800000 0.992903 0.005641 0.826729 0.033792 0.784162 0.044172
1.900000 0.991613 0.006667 0.825613 0.034333 0.782027 0.044644
2.000000 0.990323 0.007692 0.824494 0.034877 0.779881 0.045121
2.100000 0.989032 0.008718 0.823373 0.035425 0.777722 0.045601
2.200000 0.987742 0.009744 0.822250 0.035978 0.775551 0.046086
2.300000 0.986452 0.010769 0.821123 0.036534 0.773369 0.046574
2.400000 0.985161 0.011795 0.819995 0.037094 0.771174 0.047067
2.500000 0.983871 0.012821 0.818863 0.037658 0.768968 0.047564
2.600000 0.982581 0.013846 0.817730 0.038226 0.766749 0.048065
2.700000 0.981290 0.014872 0.816593 0.038797 0.764519 0.048571
2.800000 0.980000 0.015897 0.815455 0.039373 0.762278 0.049080
2.900000 0.978710 0.016923 0.814314 0.039952 0.760024 0.049594
3.000000 0.977419 0.017949 0.813170 0.040535 0.757759 0.050113
3.100000 0.976129 0.018974 0.812024 0.041122 0.755483 0.050635
3.200000 0.974839 0.020000 0.810875 0.041713 0.753195 0.051162
3.300000 0.973548 0.021026 0.809724 0.042307 0.750895 0.051693
3.400000 0.972258 0.022051 0.808571 0.042905 0.748584 0.052229
3.500000 0.970968 0.023077 0.807415 0.043507 0.746262 0.052769
3.600000 0.969677 0.024103 0.806257 0.044113 0.743929 0.053313
3.700000 0.968387 0.025128 0.805097 0.044723 0.741584 0.053862
3.800000 0.967097 0.026154 0.803934 0.045336 0.739229 0.054415
3.900000 0.965806 0.027179 0.802769 0.045953 0.736862 0.054973
4.000000 0.964516 0.028205 0.801601 0.046574 0.734485 0.055536
4.100000 0.963226 0.029231 0.800431 0.047198 0.732097 0.056102
4.200000 0.961935 0.030256 0.799259 0.047826 0.729698 0.056674
4.300000 0.960645 0.031282 0.798084 0.048458 0.727288 0.057250
4.400000 0.959355 0.032308 0.796907 0.049093 0.724868 0.057830
4.500000 0.958065 0.033333 0.795728 0.049733 0.722437 0.058416
4.600000 0.956774 0.034359 0.794547 0.050376 0.719995 0.059005
4.700000 0.955484 0.035385 0.793363 0.051022 0.717544 0.059600
4.800000 0.954194 0.036410 0.792177 0.051672 0.715082 0.060199
4.900000 0.952903 0.037436 0.790989 0.052326 0.712609 0.060803
5.000000 0.951613 0.038462 0.789798 0.052984 0.710127 0.061412
5.100000 0.950323 0.039487 0.788605 0.053645 0.707635 0.062025
5.200000 0.949032 0.040513 0.787410 0.054309 0.705133 0.062643
5.300000 0.947742 0.041538 0.786213 0.054978 0.702621 0.063266
5.400000 0.946452 0.042564 0.785014 0.055649 0.700099 0.063894
5.500000 0.945161 0.043590 0.783812 0.056325 0.697568 0.064526
5.600000 0.943871 0.044615 0.782608 0.057004 0.695027 0.065164
5.700000 0.942581 0.045641 0.781402 0.057687 0.692476 0.065806
5.800000 0.941290 0.046667 0.780194 0.058373 0.689917 0.066453
5.900000 0.940000 0.047692 0.778984 0.059062 0.687348 0.067105
6.000000 0.938710 0.048718 0.777772 0.059756 0.684770 0.067762
6.100000 0.937419 0.049744 0.776557 0.060452 0.682182 0.068424
6.200000 0.936129 0.050769 0.775340 0.061153 0.679586 0.069091
6.300000 0.934839 0.051795 0.774122 0.061857 0.676982 0.069763
6.400000 0.933548 0.052821 0.772901 0.062564 0.674368 0.070440
6.500000 0.932258 0.053846 0.771678 0.063275 0.671746 0.071122
6.600000 0.930968 0.054872 0.770453 0.063989 0.669115 0.071809
6.700000 0.929677 0.055897 0.769226 0.064707 0.666476 0.072501
6.800000 0.928387 0.056923 0.767996 0.065428 0.663829 0.073199
6.900000 0.927097 0.057949 0.766765 0.066153 0.661174 0.073901
7.000000 0.925806 0.058974 0.765532 0.066881 0.658510 0.074609
7.100000 0.924516 0.060000 0.764297 0.067612 0.655839 0.075321
7.200000 0.923226 0.061026 0.763059 0.068347 0.653159 0.076039
7.300000 0.921935 0.062051 0.761820 0.069086 0.650473 0.076762
7.400000 0.920645 0.063077 0.760579 0.069828 0.647778 0.077491
7.500000 0.919355 0.064103 0.759335 0.070573 0.645076 0.078224
7.600000 0.918065 0.065128 0.758090 0.071322 0.642367 0.078963
7.700000 0.916774 0.066154 0.756843 0.072074 0.639651 0.079707
7.800000 0.915484 0.067179 0.755594 0.072829 0.636927 0.080456
7.900000 0.914194 0.068205 0.754343 0.073588 0.634197 0.081211
8.000000 0.912903 0.069231 0.753090 0.074350 0.631460 0.081971
8.100000 0.911613 0.070256 0.751835 0.075115 0.628716 0.082736
8.200000 0.910323 0.071282 0.750578 0.075884 0.625965 0.083507
8.300000 0.909032 0.072308 0.749319 0.076656 0.623209 0.084283
8.400000 0.907742 0.073333 0.748058 0.077432 0.620445 0.085064
8.500000 0.906452 0.074359 0.746796 0.078210 0.617676 0.085851
8.600000 0.905161 0.075385 0.745531 0.078992 0.614901 0.086644
8.700000 0.903871 0.076410 0.744265 0.079778 0.612119 0.087441
8.800000 0.902581 0.077436 0.742997 0.080566 0.609332 0.088245
8.900000 0.901290 0.078462 0.741727 0.081358 0.606540 0.089053
9.000000 0.900000 0.079487 0.740455 0.082153 0.603742 0.089868
9.100000 0.898710 0.080513 0.739181 0.082952 0.600938 0.090687
9.200000 0.897419 0.081538 0.737906 0.083754 0.598129 0.091513
9.300000 0.896129 0.082564 0.736628 0.084558 0.595316 0.092343
9.400000 0.894839 0.083590 0.735349 0.085367 0.592497 0.093180
9.500000 0.893548 0.084615 0.734069 0.086178 0.589673 0.094022
9.600000 0.892258 0.085641 0.732786 0.086992 0.586845 0.094869
9.700000 0.890968 0.086667 0.731502 0.087810 0.584012 0.095723
9.800000 0.889677 0.087692 0.730216 0.088631 0.581175 0.096581
9.900000 0.888387 0.088718 0.728928 0.089455 0.578334 0.097446
10.000000 0.887097 0.089744 0.727638 0.090282 0.575489 0.098316
10.100000 0.885806 0.090769 0.726347 0.091113 0.572639 0.099192
10.200000 0.884516 0.091795 0.725054 0.091947 0.569786 0.100073
10.300000 0.883226 0.092821 0.723759 0.092783 0.566930 0.100961
10.400000 0.881935 0.093846 0.722463 0.093623 0.564069 0.101854
10.500000 0.880645 0.094872 0.721165 0.094466 0.561206 0.102752
10.600000 0.879355 0.095897 0.719865 0.095312 0.558339 0.103657
10.700000 0.878065 0.096923 0.718564 0.096162 0.555469 0.104567
10.800000 0.876774 0.097949 0.717261 0.097014 0.552596 0.105483
10.900000 0.875484 0.098974 0.715956 0.097869 0.549721 0.106405
11.000000 0.874194 0.100000 0.714650 0.098728 0.546842 0.107332
11.100000 0.872903 0.101026 0.713342 0.099589 0.543962 0.108266
11.200000 0.871613 0.102051 0.712033 0.100454 0.541079 0.109205
11.300000 0.870323 0.103077 0.710722 0.101322 0.538194 0.110150
11.400000 0.869032 0.104103 0.709409 0.102192 0.535307 0.111101
11.500000 0.867742 0.105128 0.708095 0.103066 0.532418 0.112058
11.600000 0.866452 0.106154 0.706779 0.103943 0.529527 0.113020
11.700000 0.865161 0.107179 0.705462 0.104823 0.526635 0.113989
11.800000 0.863871 0.108205 0.704143 0.105706 0.523741 0.114963
11.900000 0.862581 0.109231 0.702823 0.106591 0.520846 0.115943
12.000000 0.861290 0.110256 0.701501 0.107480 0.517950 0.116930
12.100000 0.860000 0.111282 0.700178 0.108372 0.515053 0.117922
12.200000 0.858710 0.112308 0.698853 0.109267 0.512155 0.118920
12.300000 0.857419 0.113333 0.697527 0.110164 0.509257 0.119924
12.400000 0.856129 0.114359 0.696199 0.111065 0.506358 0.120934
12.500000 0.854839 0.115385 0.694869 0.111969 0.503459 0.121950
12.600000 0.853548 0.116410 0.693539 0.112875 0.500560 0.122972
12.700000 0.852258 0.117436 0.692207 0.113784 0.497660 0.124000
12.800000 0.850968 0.118462 0.690873 0.114697 0.494761 0.125034
12.900000 0.849677 0.119487 0.689538 0.115612 0.491862 0.126074
13.000000 0.848387 0.120513 0.688201 0.116530 0.488963 0.127120
13.100000 0.847097 0.121538 0.686864 0.117451 0.486065 0.128172
13.200000 0.845806 0.122564 0.685524 0.118375 0.483168 0.129230
13.300000 0.844516 0.123590 0.684184 0.119302 0.480272 0.130294
13.400000 0.843226 0.124615 0.682842 0.120232 0.477376 0.131364
13.500000 0.841935 0.125641 0.681498 0.121164 0.474482 0.132441
13.600000 0.840645 0.126667 0.680154 0.122099 0.471589 0.133523
13.700000 0.839355 0.127692 0.678808 0.123038 0.468698 0.134611
13.800000 0.838065 0.128718 0.677460 0.123979 0.465808 0.135706
13.900000 0.836774 0.129744 0.676112 0.124922 0.462920 0.136806
14.000000 0.835484 0.130769 0.674762 0.125869 0.460035 0.137913
14.100000 0.834194 0.131795 0.673410 0.126818 0.457151 0.139025
14.200000 0.832903 0.132821 0.672058 0.127771 0.454269 0.140144
14.300000 0.831613 0.133846 0.670704 0.128726 0.451390 0.141269
14.400000 0.830323 0.134872 0.669349 0.129683 0.448513 0.142400
14.500000 0.829032 0.135897 0.667992 0.130644 0.445640 0.143537
14.600000 0.827742 0.136923 0.666635 0.131607 0.442769 0.144680
14.700000 0.826452 0.137949 0.665276 0.132573 0.439901 0.145829
14.800000 0.825161 0.138974 0.663916 0.133542 0.437036 0.146985
14.900000 0.823871 0.140000 0.662554 0.134513 0.434174 0.148146
15.000000 0.822581 0.141026 0.661192 0.135487 0.431316 0.149314
15.100000 0.821290 0.142051 0.659828 0.136464 0.428461 0.150488
15.200000 0.820000 0.143077 0.658463 0.137444 0.425611 0.151668
15.300000 0.818710 0.144103 0.657097 0.138426 0.422764 0.152854
15.400000 0.817419 0.145128 0.655730 0.139411 0.419921 0.154046
15.500000 0.816129 0.146154 0.654362 0.140398 0.417082 0.155244
15.600000 0.814839 0.147179 0.652992 0.141389 0.414248 0.156449
15.700000 0.813548 0.148205 0.651622 0.142381 0.411418 0.157659
15.800000 0.812258 0.149231 0.650250 0.143377 0.408592 0.158876
15.900000 0.810968 0.150256 0.648877 0.144375 0.405772 0.160099
16.000000 0.809677 0.151282 0.647503 0.145376 0.402956 0.161328
16.100000 0.808387 0.152308 0.646128 0.146379 0.400145 0.162563
16.200000 0.807097 0.153333 0.644752 0.147385 0.397340 0.163804
16.300000 0.805806 0.154359 0.643375 0.148394 0.394540 0.165052
16.400000 0.804516 0.155385 0.641996 0.149405 0.391745 0.166305
16.500000 0.803226 0.156410 0.640617 0.150419 0.388956 0.167565
16.600000 0.801935 0.157436 0.639237 0.151435 0.386172 0.168831
16.700000 0.800645 0.158462 0.637855 0.152454 0.383395 0.170103
16.800000 0.799355 0.159487 0.636473 0.153475 0.380623 0.171381
16.900000 0.798065 0.160513 0.635090 0.154499 0.377857 0.172665
17.000000 0.796774 0.161538 0.633705 0.155525 0.375098 0.173955
17.100000 0.795484 0.162564 0.632320 0.156554 0.372345 0.175252
17.200000 0.794194 0.163590 0.630934 0.157586 0.369599 0.176554
17.300000 0.792903 0.164615 0.629546 0.158620 0.366859 0.177863
17.400000 0.791613 0.165641 0.628158 0.159656 0.364126 0.179177
17.500000 0.790323 0.166667 0.626769 0.160695 0.361400 0.180498
17.600000 0.789032 0.167692 0.625379 0.161737 0.358681 0.181825
17.700000 0.787742 0.168718 0.623988 0.162780 0.355969 0.183158
17.800000 0.786452 0.169744 0.622596 0.163827 0.353264 0.184497
17.900000 0.785161 0.170769 0.621203 0.164876 0.350567 0.185842
18.000000 0.783871 0.171795 0.619809 0.165927 0.347877 0.187194
18.100000 0.782581 0.172821 0.618414 0.166980 0.345195 0.188551
18.200000 0.781290 0.173846 0.617019 0.168036 0.342520 0.189914
18.300000 0.780000 0.174872 0.615622 0.169095 0.339854 0.191284
18.400000 0.778710 0.175897 0.614225 0.170156 0.337195 0.192659
18.500000 0.777419 0.176923 0.612827 0.171219 0.334545 0.194041
18.600000 0.776129 0.177949 0.611428 0.172285 0.331902 0.195428
18.700000 0.774839 0.178974 0.610029 0.173353 0.329269 0.196821
18.800000 0.773548 0.180000 0.608628 0.174423 0.326643 0.198221
18.900000 0.772258 0.181026 0.607227 0.175496 0.324026 0.199626
19.000000 0.770968 0.182051 0.605825 0.176571 0.321418 0.201038
19.100000 0.769677 0.183077 0.604422 0.177648 0.318819 0.202455
19.200000 0.768387 0.184103 0.603018 0.178728 0.316228 0.203879
19.300000 0.767097 0.185128 0.601614 0.179810 0.313646 0.205308
19.400000 0.765806 0.186154 0.600209 0.180894 0.311074 0.206743
19.500000 0.764516 0.187179 0.598803 0.181981 0.308511 0.208184
19.600000 0.763226 0.188205 0.597396 0.183070 0.305957 0.209631
19.700000 0.761935 0.189231 0.595989 0.184161 0.303412 0.211084
19.800000 0.760645 0.190256 0.594581 0.185255 0.300877 0.212543
19.900000 0.759355 0.191282 0.593172 0.186350 0.298352 0.214008
20.000000 0.758065 0.192308 0.591763 0.187448 0.295836 0.215479
20.100000 0.756774 0.193333 0.590353 0.188549 0.293330 0.216955
20.200000 0.755484 0.194359 0.588942 0.189651 0.290834 0.218437
20.300000 0.754194 0.195385 0.587531 0.190756 0.288347 0.219925
20.400000 0.752903 0.196410 0.586119 0.191863 0.285871 0.221419
20.500000 0.751613 0.197436 0.584706 0.192972 0.283405 0.222919
20.600000 0.750323 0.198462 0.583293 0.194083 0.280950 0.224424
20.700000 0.749032 0.199487 0.581879 0.195197 0.278504 0.225936
20.800000 0.747742 0.200513 0.580464 0.196312 0.276070 0.227453
20.900000 0.746452 0.201538 0.579049 0.197430 0.273645 0.228975
21.000000 0.745161 0.202564 0.577634 0.198550 0.271231 0.230504
21.100000 0.743871 0.203590 0.576217 0.199672 0.268828 0.232038
21.200000 0.742581 0.204615 0.574801 0.200797 0.266436 0.233577
21.300000 0.741290 0.205641 0.573383 0.201923 0.264054 0.235123
21.400000 0.740000 0.206667 0.571965 0.203052 0.261683 0.236674
21.500000 0.738710 0.207692 0.570547 0.204182 0.259323 0.238230
21.600000 0.737419 0.208718 0.569128 0.205315 0.256975 0.239792
21.700000 0.736129 0.209744 0.567709 0.206450 0.254637 0.241360
21.800000 0.734839 0.210769 0.566289 0.207587 0.252311 0.242933
21.900000 0.733548 0.211795 0.564869 0.208726 0.249996 0.244512
22.000000 0.732258 0.212821 0.563448 0.209867 0.247692 0.246097
22.100000 0.730968 0.213846 0.562026 0.211010 0.245399 0.247687
22.200000 0.729677 0.214872 0.560605 0.212156 0.243118 0.249282
22.300000 0.728387 0.215897 0.559182 0.213303 0.240849 0.250883
22.400000 0.727097 0.216923 0.557760 0.214452 0.238591 0.252489
22.500000 0.725806 0.217949 0.556337 0.215603 0.236345 0.254100
22.600000 0.724516 0.218974 0.554913 0.216757 0.234110 0.255717
22.700000 0.723226 0.220000 0.553489 0.217912 0.231887 0.257340
22.800000 0.721935 0.221026 0.552065 0.219069 0.229676 0.258967
22.900000 0.720645 0.222051 0.550640 0.220229 0.227477 0.260600
23.000000 0.719355 0.223077 0.549215 0.221390 0.225290 0.262239
23.100000 0.718065 0.224103 0.547790 0.222553 0.223114 0.263882
23.200000 0.716774 0.225128 0.546364 0.223719 0.220951 0.265531
23.300000 0.715484 0.226154 0.544938 0.224886 0.218800 0.267185
23.400000 0.714194 0.227179 0.543512 0.226055 0.216661 0.268844
23.500000 0.712903 0.228205 0.542085 0.227226 0.214534 0.270508
23.600000 0.711613 0.229231 0.540658 0.228399 0.212419 0.272178
23.700000 0.710323 0.230256 0.539231 0.229574 0.210316 0.273852
23.800000 0.709032 0.231282 0.537803 0.230750 0.208226 0.275532
23.900000 0.707742 0.232308 0.536375 0.231929 0.206148 0.277216
24.000000 0.706452 0.233333 0.534947 0.233110 0.204082 0.278906
24.100000 0.705161 0.234359 0.533519 0.234292 0.202029 0.280601
24.200000 0.703871 0.235385 0.532090 0.235476 0.199988 0.282300
24.300000 0.702581 0.236410 0.530661 0.236662 0.197960 0.284005
24.400000 0.701290 0.237436 0.529232 0.237850 0.195944 0.285715
24.500000 0.700000 0.238462 0.527803 0.239040 0.193940 0.287429
24.600000 0.698710 0.239487 0.526374 0.240232 0.191950 0.289148
24.700000 0.697419 0.240513 0.524944 0.241425 0.189971 0.290872
24.800000 0.696129 0.241538 0.523514 0.242621 0.188005 0.292601
24.900000 0.694839 0.242564 0.522084 0.243818 0.186052 0.294335
25.000000 0.693548 0.243590 0.520654 0.245017 0.184112 0.296073
25.100000 0.692258 0.244615 0.519223 0.246217 0.182184 0.297816
25.200000 0.690968 0.245641 0.517793 0.247420 0.180269 0.299564
25.300000 0.689677 0.246667 0.516362 0.248624 0.178366 0.301316
25.400000 0.688387 0.247692 0.514932 0.249830 0.176476 0.303073
25.500000 0.687097 0.248718 0.513501 0.251038 0.174599 0.304834
25.600000 0.685806 0.249744 0.512070 0.252247 0.172735 0.306600
25.700000 0.684516 0.250769 0.510639 0.253458 0.170883 0.308371
25.800000 0.683226 0.251795 0.509208 0.254671 0.169044 0.310146
25.900000 0.681935 0.252821 0.507776 0.255886 0.167218 0.311925
26.000000 0.680645 0.253846 0.506345 0.257102 0.165405 0.313709
26.100000 0.679355 0.254872 0.504914 0.258320 0.163604 0.315497
26.200000 0.678065 0.255897 0.503483 0.259540 0.161816 0.317290
26.300000 0.676774 0.256923 0.502051 0.260761 0.160041 0.319087
26.400000 0.675484 0.257949 0.500620 0.261984 0.158279 0.320888
26.500000 0.674194 0.258974 0.499188 0.263209 0.156530 0.322693
26.600000 0.672903 0.260000 0.497757 0.264435 0.154793 0.324503
26.700000 0.671613 0.261026 0.496326 0.265663 0.153069 0.326316
26.800000 0.670323 0.262051 0.494894 0.266892 0.151358 0.328134
26.900000 0.669032 0.263077 0.493463 0.268123 0.149660 0.329956
27.000000 0.667742 0.264103 0.492032 0.269356 0.147974 0.331782
27.100000 0.666452 0.265128 0.490601 0.270591 0.146301 0.333612
27.200000 0.665161 0.266154 0.489170 0.271827 0.144641 0.335445
27.300000 0.663871 0.267179 0.487739 0.273064 0.142994 0.337283
27.400000 0.662581 0.268205 0.486308 0.274303 0.141359 0.339125
27.500000 0.661290 0.269231 0.484877 0.275544 0.139737 0.340970
27.600000 0.660000 0.270256 0.483446 0.276786 0.138128 0.342820
27.700000 0.658710 0.271282 0.482015 0.278030 0.136531 0.344673
27.800000 0.657419 0.272308 0.480585 0.279275 0.134947 0.346530
27.900000 0.656129 0.273333 0.479155 0.280522 0.133376 0.348390
28.000000 0.654839 0.274359 0.477724 0.281771 0.131818 0.350254
28.100000 0.653548 0.275385 0.476294 0.283020 0.130272 0.352122
28.200000 0.652258 0.276410 0.474865 0.284272 0.128738 0.353994
28.300000 0.650968 0.277436 0.473435 0.285525 0.127217 0.355869
28.400000 0.649677 0.278462 0.472005 0.286779 0.125709 0.357747
28.500000 0.648387 0.279487 0.470576 0.288035 0.124213 0.359629
28.600000 0.647097 0.280513 0.469147 0.289292 0.122730 0.361514
28.700000 0.645806 0.281538 0.467718 0.290551 0.121259 0.363403
28.800000 0.644516 0.282564 0.466290 0.291811 0.119801 0.365295
28.900000 0.643226 0.283590 0.464861 0.293073 0.118355 0.367190
29.000000 0.641935 0.284615 0.463433 0.294336 0.116921 0.369088
29.100000 0.640645 0.285641 0.462005 0.295600 0.115500 0.370990
29.200000 0.639355 0.286667 0.460578 0.296866 0.114091 0.372895
29.300000 0.638065 0.287692 0.459151 0.298133 0.112695 0.374803
29.400000 0.636774 0.288718 0.457724 0.299402 0.111310 0.376714
29.500000 0.635484 0.289744 0.456297 0.300672 0.109938 0.378628
29.600000 0.634194 0.290769 0.454871 0.301943 0.108578 0.380545
29.700000 0.632903 0.291795 0.453445 0.303216 0.107230 0.382465
29.800000 0.631613 0.292821 0.452019 0.304490 0.105895 0.384388
29.900000 0.630323 0.293846 0.450594 0.305765 0.104571 0.386314
30.000000 0.629032 0.294872 0.449169 0.307042 0.103259 0.388242
30.100000 0.627742 0.295897 0.447744 0.308320 0.101960 0.390174
30.200000 0.626452 0.296923 0.446320 0.309600 0.100672 0.392108
30.300000 0.625161 0.297949 0.444896 0.310880 0.099396 0.394044
30.400000 0.623871 0.298974 0.443473 0.312162 0.098132 0.395983
30.500000 0.622581 0.300000 0.442050 0.313446 0.096880 0.397925
30.600000 0.621290 0.301026 0.440627 0.314730 0.095640 0.399870
30.700000 0.620000 0.302051 0.439205 0.316016 0.094411 0.401817
30.800000 0.618710 0.303077 0.437783 0.317303 0.093194 0.403766
30.900000 0.617419 0.304103 0.436362 0.318592 0.091989 0.405718
31.000000 0.616129 0.305128 0.434941 0.319881 0.090795 0.407672
31.100000 0.614839 0.306154 0.433521 0.321172 0.089613 0.409628
31.200000 0.613548 0.307179 0.432101 0.322464 0.088442 0.411587
31.300000 0.612258 0.308205 0.430682 0.323757 0.087283 0.413548
31.400000 0.610968 0.309231 0.429263 0.325052 0.086135 0.415511
31.500000 0.609677 0.310256 0.427845 0.326347 0.084998 0.417476
31.600000 0.608387 0.311282 0.426427 0.327644 0.083873 0.419443
31.700000 0.607097 0.312308 0.425010 0.328942 0.082759 0.421412
31.800000 0.605806 0.313333 0.423593 0.330241 0.081656 0.423383
31.900000 0.604516 0.314359 0.422177 0.331542 0.080564 0.425356
32.000000 0.603226 0.315385 0.420761 0.332843 0.079484 0.427331
32.100000 0.601935 0.316410 0.419346 0.334146 0.078414 0.429308
32.200000 0.600645 0.317436 0.417932 0.335449 0.077355 0.431286
32.300000 0.599355 0.318462 0.416518 0.336754 0.076307 0.433267
32.400000 0.598065 0.319487 0.415105 0.338060 0.075270 0.435249
32.500000 0.596774 0.320513 0.413692 0.339367 0.074244 0.437232
32.600000 0.595484 0.321538 0.412280 0.340676 0.073229 0.439217
32.700000 0.594194 0.322564 0.410869 0.341985 0.072224 0.441204
32.800000 0.592903 0.323590 0.409458 0.343295 0.071229 0.443192
32.900000 0.591613 0.324615 0.408048 0.344607 0.070246 0.445182
33.000000 0.590323 0.325641 0.406639 0.345919 0.069273 0.447173
33.100000 0.589032 0.326667 0.405231 0.347233 0.068310 0.449165
33.200000 0.587742 0.327692 0.403823 0.348547 0.067357 0.451159
33.300000 0.586452 0.328718 0.402415 0.349863 0.066415 0.453153
33.400000 0.585161 0.329744 0.401009 0.351179 0.065483 0.455149
33.500000 0.583871 0.330769 0.399603 0.352497 0.064561 0.457146
33.600000 0.582581 0.331795 0.398198 0.353815 0.063650 0.459145
33.700000 0.581290 0.332821 0.396794 0.355135 0.062748 0.461144
33.800000 0.580000 0.333846 0.395390 0.356456 0.061857 0.463144
33.900000 0.578710 0.334872 0.393987 0.357777 0.060975 0.465145
34.000000 0.577419 0.335897 0.392585 0.359100 0.060103 0.467147
34.100000 0.576129 0.336923 0.391184 0.360423 0.059241 0.469150
34.200000 0.574839 0.337949 0.389784 0.361748 0.058389 0.471154
34.300000 0.573548 0.338974 0.388384 0.363073 0.057546 0.473158
34.400000 0.572258 0.340000 0.386985 0.364399 0.056713 0.475163
34.500000 0.570968 0.341026 0.385588 0.365726 0.055889 0.477169
34.600000 0.569677 0.342051 0.384190 0.367055 0.055075 0.479175
34.700000 0.568387 0.343077 0.382794 0.368384 0.054271 0.481182
34.800000 0.567097 0.344103 0.381399 0.369713 0.053475 0.483189
34.900000 0.565806 0.345128 0.380004 0.371044 0.052689 0.485197
35.000000 0.564516 0.346154 0.378611 0.372376 0.051912 0.487205
35.100000 0.563226 0.347179 0.377218 0.373708 0.051145 0.489213
35.200000 0.561935 0.348205 0.375826 0.375042 0.050386 0.491222
35.300000 0.560645 0.349231 0.374435 0.376376 0.049636 0.493231
35.400000 0.559355 0.350256 0.373045 0.377711 0.048896 0.495240
35.500000 0.558065 0.351282 0.371656 0.379047 0.048164 0.497249
35.600000 0.556774 0.352308 0.370268 0.380384 0.047440 0.499259
35.700000 0.555484 0.353333 0.368881 0.381721 0.046726 0.501268
35.800000 0.554194 0.354359 0.367494 0.383060 0.046020 0.503277
35.900000 0.552903 0.355385 0.366109 0.384399 0.045323 0.505286
36.000000 0.551613 0.356410 0.364725 0.385739 0.044635 0.507295
36.100000 0.550323 0.357436 0.363342 0.387079 0.043954 0.509304
36.200000 0.549032 0.358462 0.361959 0.388421 0.043283 0.511313
36.300000 0.547742 0.359487 0.360578 0.389763 0.042619 0.513321
36.400000 0.546452 0.360513 0.359198 0.391106 0.041964 0.515329
36.500000 0.545161 0.361538 0.357819 0.392449 0.041317 0.517337
36.600000 0.543871 0.362564 0.356441 0.393794 0.040678 0.519344
36.700000 0.542581 0.363590 0.355064 0.395139 0.040047 0.521350
36.800000 0.541290 0.364615 0.353688 0.396485 0.039424 0.523357
36.900000 0.540000 0.365641 0.352313 0.397831 0.038809 0.525362
37.000000 0.538710 0.366667 0.350939 0.399178 0.038202 0.527367
37.100000 0.537419 0.367692 0.349566 0.400526 0.037603 0.529371
37.200000 0.536129 0.368718 0.348195 0.401875 0.037011 0.531375
37.300000 0.534839 0.369744 0.346824 0.403224 0.036427 0.533377
37.400000 0.533548 0.370769 0.345455 0.404574 0.035850 0.535379
37.500000 0.532258 0.371795 0.344087 0.405924 0.035281 0.537380
37.600000 0.530968 0.372821 0.342720 0.407275 0.034720 0.539380
37.700000 0.529677 0.373846 0.341354 0.408627 0.034165 0.541379
37.800000 0.528387 0.374872 0.339989 0.409979 0.033619 0.543377
37.900000 0.527097 0.375897 0.338625 0.411332 0.033079 0.545374
38.000000 0.525806 0.376923 0.337263 0.412686 0.032546 0.547369
38.100000 0.524516 0.377949 0.335902 0.414040 0.032021 0.549364
38.200000 0.523226 0.378974 0.334542 0.415395 0.031502 0.551357
38.300000 0.521935 0.380000 0.333183 0.416750 0.030991 0.553349
38.400000 0.520645 0.381026 0.331826 0.418106 0.030486 0.555340
38.500000 0.519355 0.382051 0.330470 0.419462 0.029989 0.557329
38.600000 0.518065 0.383077 0.329115 0.420819 0.029498 0.559317
38.700000 0.516774 0.384103 0.327761 0.422177 0.029013 0.561303
38.800000 0.515484 0.385128 0.326409 0.423535 0.028536 0.563288
38.900000 0.514194 0.386154 0.325057 0.424893 0.028065 0.565271
39.000000 0.512903 0.387179 0.323708 0.426252 0.027600 0.567252
39.100000 0.511613 0.388205 0.322359 0.427612 0.027142 0.569232
39.200000 0.510323 0.389231 0.321012 0.428972 0.026690 0.571210
39.300000 0.509032 0.390256 0.319666 0.430332 0.026244 0.573186
39.400000 0.507742 0.391282 0.318322 0.431693 0.025805 0.575161
39.500000 0.506452 0.392308 0.316978 0.433055 0.025372 0.577133
39.600000 0.505161 0.393333 0.315637 0.434417 0.024945 0.579104
39.700000 0.503871 0.394359 0.314296 0.435779 0.024524 0.581073
39.800000 0.502581 0.395385 0.312957 0.437142 0.024109 0.583039
39.900000 0.501290 0.396410 0.311619 0.438505 0.023700 0.585004
40.000000 0.500000 0.397436 0.310283 0.439868 0.023297 0.586966
40.100000 0.498710 0.398462 0.308948 0.441232 0.022899 0.588927
40.200000 0.497419 0.399487 0.307615 0.442597 0.022508 0.590885
40.300000 0.496129 0.400513 0.306283 0.443961 0.022122 0.592840
40.400000 0.494839 0.401538 0.304952 0.445327 0.021741 0.594794
40.500000 0.493548 0.402564 0.303623 0.446692 0.021366 0.596745
40.600000 0.492258 0.403590 0.302296 0.448058 0.020997 0.598694
40.700000 0.490968 0.404615 0.300969 0.449424 0.020633 0.600640
40.800000 0.489677 0.405641 0.299645 0.450791 0.020274 0.602584
40.900000 0.488387 0.406667 0.298322 0.452158 0.019921 0.604525
41.000000 0.487097 0.407692 0.297000 0.453525 0.019573 0.606463
41.100000 0.485806 0.408718 0.295680 0.454892 0.019230 0.608399
41.200000 0.484516 0.409744 0.294361 0.456260 0.018892 0.610333
41.300000 0.483226 0.410769 0.293044 0.457628 0.018559 0.612263
41.400000 0.481935 0.411795 0.291729 0.458996 0.018231 0.614191
41.500000 0.480645 0.412821 0.290415 0.460365 0.017909 0.616116
41.600000 0.479355 0.413846 0.289102 0.461734 0.017591 0.618038
41.700000 0.478065 0.414872 0.287792 0.463103 0.017278 0.619957
41.800000 0.476774 0.415897 0.286482 0.464473 0.016969 0.621874
41.900000 0.475484 0.416923 0.285175 0.465842 0.016666 0.623787
42.000000 0.474194 0.417949 0.283869 0.467212 0.016367 0.625697
42.100000 0.472903 0.418974 0.282564 0.468582 0.016073 0.627604
42.200000 0.471613 0.420000 0.281262 0.469953 0.015783 0.629508
42.300000 0.470323 0.421026 0.279960 0.471323 0.015497 0.631409
42.400000 0.469032 0.422051 0.278661 0.472694 0.015217 0.633307
42.500000 0.467742 0.423077 0.277363 0.474065 0.014940 0.635201
42.600000 0.466452 0.424103 0.276067 0.475436 0.014668 0.637092
42.700000 0.465161 0.425128 0.274773 0.476807 0.014400 0.638980
42.800000 0.463871 0.426154 0.273480 0.478179 0.014137 0.640865
42.900000 0.462581 0.427179 0.272189 0.479550 0.013877 0.642745
43.000000 0.461290 0.428205 0.270900 0.480922 0.013622 0.644623
43.100000 0.460000 0.429231 0.269612 0.482294 0.013370 0.646497
43.200000 0.458710 0.430256 0.268326 0.483666 0.013123 0.648367
43.300000 0.457419 0.431282 0.267042 0.485038 0.012880 0.650234
43.400000 0.456129 0.432308 0.265760 0.486410 0.012640 0.652098
43.500000 0.454839 0.433333 0.264479 0.487782 0.012405 0.653957
43.600000 0.453548 0.434359 0.263200 0.489154 0.012173 0.655813
43.700000 0.452258 0.435385 0.261923 0.490527 0.011945 0.657665
43.800000 0.450968 0.436410 0.260648 0.491899 0.011721 0.659513
43.900000 0.449677 0.437436 0.259375 0.493272 0.011500 0.661358
44.000000 0.448387 0.438462 0.258103 0.494644 0.011283 0.663199
44.100000 0.447097 0.439487 0.256833 0.496017 0.011070 0.665035
44.200000 0.445806 0.440513 0.255565 0.497389 0.010860 0.666868
44.300000 0.444516 0.441538 0.254299 0.498762 0.010654 0.668697
44.400000 0.443226 0.442564 0.253035 0.500135 0.010451 0.670522
44.500000 0.441935 0.443590 0.251773 0.501507 0.010251 0.672343
44.600000 0.440645 0.444615 0.250512 0.502880 0.010055 0.674159
44.700000 0.439355 0.445641 0.249254 0.504252 0.009862 0.675972
44.800000 0.438065 0.446667 0.247997 0.505625 0.009672 0.677780
44.900000 0.436774 0.447692 0.246742 0.506997 0.009485 0.679585
45.000000 0.435484 0.448718 0.245490 0.508370 0.009302 0.681385
45.100000 0.434194 0.449744 0.244239 0.509742 0.009122 0.683180
45.200000 0.432903 0.450769 0.242990 0.511115 0.008945 0.684972
45.300000 0.431613 0.451795 0.241743 0.512487 0.008770 0.686759
45.400000 0.430323 0.452821 0.240498 0.513859 0.008599 0.688541
45.500000 0.429032 0.453846 0.239255 0.515231 0.008431 0.690320
45.600000 0.427742 0.454872 0.238014 0.516603 0.008266 0.692093
45.700000 0.426452 0.455897 0.236775 0.517975 0.008103 0.693863
45.800000 0.425161 0.456923 0.235538 0.519347 0.007943 0.695628
45.900000 0.423871 0.457949 0.234303 0.520719 0.007786 0.697388
46.000000 0.422581 0.458974 0.233070 0.522090 0.007632 0.699144
46.100000 0.421290 0.460000 0.231839 0.523462 0.007481 0.700895
46.200000 0.420000 0.461026 0.230610 0.524833 0.007332 0.702641
46.300000 0.418710 0.462051 0.229383 0.526204 0.007186 0.704383
46.400000 0.417419 0.463077 0.228158 0.527575 0.007042 0.706120
46.500000 0.416129 0.464103 0.226936 0.528945 0.006901 0.707852
46.600000 0.414839 0.465128 0.225715 0.530316 0.006762 0.709580
46.700000 0.413548 0.466154 0.224496 0.531686 0.006626 0.711303
46.800000 0.412258 0.467179 0.223280 0.533056 0.006492 0.713021
46.900000 0.410968 0.468205 0.222066 0.534426 0.006361 0.714734
47.000000 0.409677 0.469231 0.220854 0.535796 0.006232 0.716442
47.100000 0.408387 0.470256 0.219644 0.537165 0.006105 0.718145
47.200000 0.407097 0.471282 0.218436 0.538534 0.005981 0.719844
47.300000 0.405806 0.472308 0.217230 0.539903 0.005859 0.721537
47.400000 0.404516 0.473333 0.216027 0.541272 0.005739 0.723225
47.500000 0.403226 0.474359 0.214825 0.542640 0.005621 0.724909
47.600000 0.401935 0.475385 0.213626 0.544008 0.005506 0.726587
47.700000 0.400645 0.476410 0.212429 0.545376 0.005392 0.728260
47.800000 0.399355 0.477436 0.211235 0.546743 0.005281 0.729928
47.900000 0.398065 0.478462 0.210042 0.548110 0.005172 0.731591
48.000000 0.396774 0.479487 0.208852 0.549477 0.005064 0.733249
48.100000 0.395484 0.480513 0.207664 0.550844 0.004959 0.734902
48.200000 0.394194 0.481538 0.206478 0.552210 0.004856 0.736549
48.300000 0.392903 0.482564 0.205295 0.553576 0.004754 0.738191
48.400000 0.391613 0.483590 0.204114 0.554941 0.004655 0.739828
48.500000 0.390323 0.484615 0.202935 0.556306 0.004557 0.741460
48.600000 0.389032 0.485641 0.201758 0.557671 0.004461 0.743086
48.700000 0.387742 0.486667 0.200584 0.559035 0.004367 0.744707
48.800000 0.386452 0.487692 0.199412 0.560399 0.004275 0.746322
48.900000 0.385161 0.488718 0.198242 0.561762 0.004184 0.747933
49.000000 0.383871 0.489744 0.197075 0.563126 0.004096 0.749537
49.100000 0.382581 0.490769 0.195910 0.564488 0.004009 0.751137
49.200000 0.381290 0.491795 0.194748 0.565850 0.003923 0.752731
49.300000 0.380000 0.492821 0.193587 0.567212 0.003839 0.754319
49.400000 0.378710 0.493846 0.192430 0.568573 0.003757 0.755902
49.500000 0.377419 0.494872 0.191274 0.569934 0.003676 0.757479
49.600000 0.376129 0.495897 0.190121 0.571295 0.003597 0.759051
49.700000 0.374839 0.496923 0.188971 0.572655 0.003520 0.760617
49.800000 0.373548 0.497949 0.187822 0.574014 0.003444 0.762178
49.900000 0.372258 0.498974 0.186677 0.575373 0.003369 0.763733
50.000000 0.370968 0.500000 0.185533 0.576731 0.003296 0.765283
50.100000 0.369677 0.501026 0.184393 0.578089 0.003225 0.766827
50.200000 0.368387 0.502051 0.183254 0.579447 0.003154 0.768365
50.300000 0.367097 0.503077 0.182118 0.580804 0.003085 0.769897
50.400000 0.365806 0.504103 0.180985 0.582160 0.003018 0.771424
50.500000 0.364516 0.505128 0.179854 0.583516 0.002952 0.772945
50.600000 0.363226 0.506154 0.178726 0.584871 0.002887 0.774461
50.700000 0.361935 0.507179 0.177600 0.586225 0.002823 0.775971
50.800000 0.360645 0.508205 0.176476 0.587579 0.002761 0.777475
50.900000 0.359355 0.509231 0.175356 0.588933 0.002700 0.778973
51.000000 0.358065 0.510256 0.174237 0.590286 0.002640 0.780465
51.100000 0.356774 0.511282 0.173122 0.591638 0.002581 0.781952
51.200000 0.355484 0.512308 0.172009 0.592990 0.002524 0.783432
51.300000 0.354194 0.513333 0.170898 0.594341 0.002468 0.784907
51.400000 0.352903 0.514359 0.169790 0.595691 0.002412 0.786376
51.500000 0.351613 0.515385 0.168685 0.597041 0.002358 0.787840
51.600000 0.350323 0.516410 0.167582 0.598390 0.002305 0.789297
51.700000 0.349032 0.517436 0.166482 0.599738 0.002253 0.790748
51.800000 0.347742 0.518462 0.165384 0.601086 0.002203 0.792194
51.900000 0.346452 0.519487 0.164290 0.602433 0.002153 0.793633
52.000000 0.345161 0.520513 0.163197 0.603779 0.002104 0.795067
52.100000 0.343871 0.521538 0.162108 0.605125 0.002056 0.796495
52.200000 0.342581 0.522564 0.161021 0.606470 0.002010 0.797917
52.300000 0.341290 0.523590 0.159937 0.607814 0.001964 0.799333
52.400000 0.340000 0.524615 0.158855 0.609158 0.001919 0.800742
52.500000 0.338710 0.525641 0.157777 0.610500 0.001875 0.802146
52.600000 0.337419 0.526667 0.156701 0.611842 0.001832 0.803544
52.700000 0.336129 0.527692 0.155627 0.613184 0.001790 0.804936
52.800000 0.334839 0.528718 0.154557 0.614524 0.001749 0.806322
52.900000 0.333548 0.529744 0.153489 0.615864 0.001708 0.807702
53.000000 0.332258 0.530769 0.152424 0.617203 0.001669 0.809076
53.100000 0.330968 0.531795 0.151362 0.618541 0.001630 0.810443
53.200000 0.329677 0.532821 0.150302 0.619878 0.001592 0.811805
53.300000 0.328387 0.533846 0.149245 0.621215 0.001555 0.813161
53.400000 0.327097 0.534872 0.148191 0.622551 0.001519 0.814511
53.500000 0.325806 0.535897 0.147140 0.623886 0.001484 0.815854
53.600000 0.324516 0.536923 0.146092 0.625220 0.001449 0.817192
53.700000 0.323226 0.537949 0.145046 0.626553 0.001415 0.818523
53.800000 0.321935 0.538974 0.144004 0.627885 0.001382 0.819848
53.900000 0.320645 0.540000 0.142964 0.629217 0.001349 0.821168
54.000000 0.319355 0.541026 0.141927 0.630547 0.001317 0.822481
54.100000 0.318065 0.542051 0.140893 0.631877 0.001286 0.823788
54.200000 0.316774 0.543077 0.139862 0.633206 0.001256 0.825089
54.300000 0.315484 0.544103 0.138834 0.634534 0.001226 0.826383
54.400000 0.314194 0.545128 0.137808 0.635861 0.001197 0.827672
54.500000 0.312903 0.546154 0.136786 0.637187 0.001168 0.828955
54.600000 0.311613 0.547179 0.135766 0.638512 0.001140 0.830231
54.700000 0.310323 0.548205 0.134750 0.639836 0.001113 0.831502
54.800000 0.309032 0.549231 0.133736 0.641160 0.001086 0.832766
54.900000 0.307742 0.550256 0.132726 0.642482 0.001060 0.834024
55.000000 0.306452 0.551282 0.131718 0.643803 0.001034 0.835276
55.100000 0.305161 0.552308 0.130713 0.645124 0.001010 0.836522
55.200000 0.303871 0.553333 0.129711 0.646443 0.000985 0.837761
55.300000 0.302581 0.554359 0.128713 0.647761 0.000961 0.838995
55.400000 0.301290 0.555385 0.127717 0.649079 0.000938 0.840222
55.500000 0.300000 0.556410 0.126724 0.650395 0.000915 0.841443
55.600000 0.298710 0.557436 0.125735 0.651711 0.000893 0.842659
55.700000 0.297419 0.558462 0.124748 0.653025 0.000871 0.843868
55.800000 0.296129 0.559487 0.123764 0.654338 0.000850 0.845070
55.900000 0.294839 0.560513 0.122784 0.655651 0.000829 0.846267
56.000000 0.293548 0.561538 0.121806 0.656962 0.000808 0.847458
56.100000 0.292258 0.562564 0.120832 0.658272 0.000789 0.848642
56.200000 0.290968 0.563590 0.119861 0.659581 0.000769 0.849820
56.300000 0.289677 0.564615 0.118893 0.660889 0.000750 0.850993
56.400000 0.288387 0.565641 0.117928 0.662196 0.000732 0.852159
56.500000 0.287097 0.566667 0.116966 0.663502 0.000713 0.853319
56.600000 0.285806 0.567692 0.116007 0.664806 0.000696 0.854472
56.700000 0.284516 0.568718 0.115051 0.666110 0.000678 0.855620
56.800000 0.283226 0.569744 0.114099 0.667412 0.000661 0.856762
56.900000 0.281935 0.570769 0.113149 0.668713 0.000645 0.857897
57.000000 0.280645 0.571795 0.112203 0.670013 0.000629 0.859026
57.100000 0.279355 0.572821 0.111260 0.671312 0.000613 0.860150
57.200000 0.278065 0.573846 0.110320 0.672610 0.000598 0.861267
57.300000 0.276774 0.574872 0.109384 0.673907 0.000583 0.862378
57.400000 0.275484 0.575897 0.108450 0.675202 0.000568 0.863483
57.500000 0.274194 0.576923 0.107520 0.676496 0.000553 0.864582
57.600000 0.272903 0.577949 0.106593 0.677789 0.000539 0.865675
57.700000 0.271613 0.578974 0.105670 0.679081 0.000526 0.866761
57.800000 0.270323 0.580000 0.104749 0.680372 0.000512 0.867842
57.900000 0.269032 0.581026 0.103832 0.681661 0.000499 0.868917
58.000000 0.267742 0.582051 0.102918 0.682949 0.000487 0.869985
58.100000 0.266452 0.583077 0.102008 0.684236 0.000474 0.871048
58.200000 0.265161 0.584103 0.101101 0.685522 0.000462 0.872104
58.300000 0.263871 0.585128 0.100197 0.686806 0.000450 0.873155
58.400000 0.262581 0.586154 0.099296 0.688089 0.000439 0.874199
58.500000 0.261290 0.587179 0.098399 0.689371 0.000427 0.875237
58.600000 0.260000 0.588205 0.097505 0.690651 0.000416 0.876270
58.700000 0.258710 0.589231 0.096614 0.691930 0.000405 0.877296
58.800000 0.257419 0.590256 0.095727 0.693208 0.000395 0.878317
58.900000 0.256129 0.591282 0.094843 0.694485 0.000385 0.879331
59.000000 0.254839 0.592308 0.093963 0.695760 0.000375 0.880340
59.100000 0.253548 0.593333 0.093086 0.697034 0.000365 0.881342
59.200000 0.252258 0.594359 0.092212 0.698306 0.000355 0.882339
59.300000 0.250968 0.595385 0.091342 0.699577 0.000346 0.883329
59.400000 0.249677 0.596410 0.090475 0.700847 0.000337 0.884314
59.500000 0.248387 0.597436 0.089612 0.702115 0.000328 0.885293
59.600000 0.247097 0.598462 0.088752 0.703382 0.000320 0.886266
59.700000 0.245806 0.599487 0.087895 0.704648 0.000311 0.887233
59.800000 0.244516 0.600513 0.087042 0.705912 0.000303 0.888194
59.900000 0.243226 0.601538 0.086193 0.707175 0.000295 0.889149
60.000000 0.241935 0.602564 0.085347 0.708436 0.000287 0.890098
60.100000 0.240645 0.603590 0.084504 0.709696 0.000279 0.891042
60.200000 0.239355 0.604615 0.083665 0.710954 0.000272 0.891980
60.300000 0.238065 0.605641 0.082829 0.712211 0.000265 0.892911
60.400000 0.236774 0.606667 0.081997 0.713467 0.000258 0.893837
60.500000 0.235484 0.607692 0.081169 0.714721 0.000251 0.894758
60.600000 0.234194 0.608718 0.080344 0.715974 0.000244 0.895672
60.700000 0.232903 0.609744 0.079523 0.717225 0.000238 0.896581
60.800000 0.231613 0.610769 0.078705 0.718474 0.000231 0.897484
60.900000 0.230323 0.611795 0.077891 0.719722 0.000225 0.898381
61.000000 0.229032 0.612821 0.077080 0.720969 0.000219 0.899272
61.100000 0.227742 0.613846 0.076273 0.722214 0.000213 0.900158
61.200000 0.226452 0.614872 0.075470 0.723457 0.000207 0.901038
61.300000 0.225161 0.615897 0.074670 0.724699 0.000202 0.901912
61.400000 0.223871 0.616923 0.073874 0.725940 0.000196 0.902781
61.500000 0.222581 0.617949 0.073082 0.727178 0.000191 0.903644
61.600000 0.221290 0.618974 0.072293 0.728416 0.000186 0.904501
61.700000 0.220000 0.620000 0.071508 0.729651 0.000180 0.905353
61.800000 0.218710 0.621026 0.070726 0.730885 0.000176 0.906199
61.900000 0.217419 0.622051 0.069948 0.732118 0.000171 0.907040
62.000000 0.216129 0.623077 0.069174 0.733349 0.000166 0.907875
62.100000 0.214839 0.624103 0.068404 0.734578 0.000161 0.908704
62.200000 0.213548 0.625128 0.067637 0.735806 0.000157 0.909528
62.300000 0.212258 0.626154 0.066874 0.737032 0.000153 0.910346
62.400000 0.210968 0.627179 0.066115 0.738256 0.000148 0.911159
62.500000 0.209677 0.628205 0.065360 0.739479 0.000144 0.911966
62.600000 0.208387 0.629231 0.064608 0.740700 0.000140 0.912768
62.700000 0.207097 0.630256 0.063860 0.741919 0.000136 0.913565
62.800000 0.205806 0.631282 0.063116 0.743137 0.000133 0.914355
62.900000 0.204516 0.632308 0.062376 0.744353 0.000129 0.915141
63.000000 0.203226 0.633333 0.061639 0.745567 0.000125 0.915921
63.100000 0.201935 0.634359 0.060906 0.746779 0.000122 0.916696
63.200000 0.200645 0.635385 0.060177 0.747990 0.000118 0.917465
63.300000 0.199355 0.636410 0.059452 0.749199 0.000115 0.918229
63.400000 0.198065 0.637436 0.058731 0.750407 0.000112 0.918987
63.500000 0.196774 0.638462 0.058014 0.751612 0.000109 0.919741
63.600000 0.195484 0.639487 0.057300 0.752816 0.000106 0.920489
63.700000 0.194194 0.640513 0.056591 0.754018 0.000103 0.921231
63.800000 0.192903 0.641538 0.055885 0.755219 0.000100 0.921969
63.900000 0.191613 0.642564 0.055183 0.756417 0.000097 0.922701
64.000000 0.190323 0.643590 0.054485 0.757614 0.000094 0.923428
64.100000 0.189032 0.644615 0.053791 0.758809 0.000091 0.924149
64.200000 0.187742 0.645641 0.053101 0.760002 0.000089 0.924866
64.300000 0.186452 0.646667 0.052415 0.761193 0.000086 0.925577
64.400000 0.185161 0.647692 0.051733 0.762383 0.000084 0.926283
64.500000 0.183871 0.648718 0.051054 0.763570 0.000081 0.926984
64.600000 0.182581 0.649744 0.050380 0.764756 0.000079 0.927680
64.700000 0.181290 0.650769 0.049710 0.765940 0.000077 0.928371
64.800000 0.180000 0.651795 0.049043 0.767122 0.000075 0.929057
64.900000 0.178710 0.652821 0.048381 0.768302 0.000072 0.929738
65.000000 0.177419 0.653846 0.047723 0.769480 0.000070 0.930413
65.100000 0.176129 0.654872 0.047068 0.770657 0.000068 0.931084
65.200000 0.174839 0.655897 0.046418 0.771831 0.000066 0.931750
65.300000 0.173548 0.656923 0.045772 0.773004 0.000064 0.932410
65.400000 0.172258 0.657949 0.045130 0.774175 0.000063 0.933066
65.500000 0.170968 0.658974 0.044492 0.775343 0.000061 0.933717
65.600000 0.169677 0.660000 0.043858 0.776510 0.000059 0.934363
65.700000 0.168387 0.661026 0.043228 0.777675 0.000057 0.935004
65.800000 0.167097 0.662051 0.042602 0.778838 0.000056 0.935640
65.900000 0.165806 0.663077 0.041980 0.779999 0.000054 0.936271
66.000000 0.164516 0.664103 0.041362 0.781158 0.000052 0.936898
66.100000 0.163226 0.665128 0.040749 0.782314 0.000051 0.937519
66.200000 0.161935 0.666154 0.040139 0.783469 0.000049 0.938136
66.300000 0.160645 0.667179 0.039534 0.784622 0.000048 0.938748
66.400000 0.159355 0.668205 0.038933 0.785773 0.000046 0.939356
66.500000 0.158065 0.669231 0.038336 0.786922 0.000045 0.939958
66.600000 0.156774 0.670256 0.037743 0.788069 0.000044 0.940556
66.700000 0.155484 0.671282 0.037155 0.789214 0.000042 0.941150
66.800000 0.154194 0.672308 0.036570 0.790357 0.000041 0.941738
66.900000 0.152903 0.673333 0.035990 0.791497 0.000040 0.942322
67.000000 0.151613 0.674359 0.035414 0.792636 0.000039 0.942902
67.100000 0.150323 0.675385 0.034843 0.793772 0.000038 0.943476
67.200000 0.149032 0.676410 0.034275 0.794907 0.000036 0.944047
67.300000 0.147742 0.677436 0.033712 0.796039 0.000035 0.944612
67.400000 0.146452 0.678462 0.033153 0.797170 0.000034 0.945173
67.500000 0.145161 0.679487 0.032598 0.798298 0.000033 0.945730
67.600000 0.143871 0.680513 0.032048 0.799424 0.000032 0.946282
67.700000 0.142581 0.681538 0.031502 0.800548 0.000031 0.946830
67.800000 0.141290 0.682564 0.030960 0.801669 0.000030 0.947373
67.900000 0.140000 0.683590 0.030423 0.802789 0.000029 0.947912
68.000000 0.138710 0.684615 0.029889 0.803906 0.000028 0.948446
68.100000 0.137419 0.685641 0.029361 0.805022 0.000028 0.948976
68.200000 0.136129 0.686667 0.028836 0.806135 0.000027 0.949502
68.300000 0.134839 0.687692 0.028316 0.807246 0.000026 0.950024
68.400000 0.133548 0.688718 0.027800 0.808354 0.000025 0.950541
68.500000 0.132258 0.689744 0.027289 0.809461 0.000024 0.951053
68.600000 0.130968 0.690769 0.026782 0.810565 0.000024 0.951562
68.700000 0.129677 0.691795 0.026279 0.811667 0.000023 0.952066
68.800000 0.128387 0.692821 0.025781 0.812767 0.000022 0.952566
68.900000 0.127097 0.693846 0.025287 0.813864 0.000022 0.953062
69.000000 0.125806 0.694872 0.024798 0.814960 0.000021 0.953554
69.100000 0.124516 0.695897 0.024313 0.816053 0.000020 0.954042
69.200000 0.123226 0.696923 0.023832 0.817144 0.000020 0.954525
69.300000 0.121935 0.697949 0.023356 0.818232 0.000019 0.955005
69.400000 0.120645 0.698974 0.022885 0.819318 0.000018 0.955480
69.500000 0.119355 0.700000 0.022418 0.820402 0.000018 0.955951
69.600000 0.118065 0.701026 0.021955 0.821484 0.000017 0.956418
69.700000 0.116774 0.702051 0.021497 0.822563 0.000017 0.956882
69.800000 0.115484 0.703077 0.021043 0.823640 0.000016 0.957341
69.900000 0.114194 0.704103 0.020594 0.824715 0.000016 0.957796
70.000000 0.112903 0.705128 0.020150 0.825787 0.000015 0.958248
70.100000 0.111613 0.706154 0.019710 0.826857 0.000015 0.958695
70.200000 0.110323 0.707179 0.019274 0.827924 0.000014 0.959139
70.300000 0.109032 0.708205 0.018843 0.828990 0.000014 0.959578
70.400000 0.107742 0.709231 0.018417 0.830052 0.000013 0.960014
70.500000 0.106452 0.710256 0.017995 0.831113 0.000013 0.960446
70.600000 0.105161 0.711282 0.017578 0.832171 0.000013 0.960874
70.700000 0.103871 0.712308 0.017166 0.833226 0.000012 0.961299
70.800000 0.102581 0.713333 0.016758 0.834279 0.000012 0.961719
70.900000 0.101290 0.714359 0.016355 0.835330 0.000011 0.962136
71.000000 0.100000 0.715385 0.015956 0.836378 0.000011 0.962549
71.100000 0.098710 0.716410 0.015562 0.837424 0.000011 0.962959
71.200000 0.097419 0.717436 0.015173 0.838468 0.000010 0.963365
71.300000 0.096129 0.718462 0.014788 0.839509 0.000010 0.963767
71.400000 0.094839 0.719487 0.014408 0.840547 0.000010 0.964165
71.500000 0.093548 0.720513 0.014033 0.841583 0.000009 0.964560
71.600000 0.092258 0.721538 0.013662 0.842617 0.000009 0.964952
71.700000 0.090968 0.722564 0.013296 0.843648 0.000009 0.965340
71.800000 0.089677 0.723590 0.012935 0.844676 0.000008 0.965724
71.900000 0.088387 0.724615 0.012578 0.845702 0.000008 0.966105
72.000000 0.087097 0.725641 0.012227 0.846725 0.000008 0.966482
72.100000 0.085806 0.726667 0.011880 0.847746 0.000008 0.966856
72.200000 0.084516 0.727692 0.011538 0.848765 0.000007 0.967226
72.300000 0.083226 0.728718 0.011200 0.849780 0.000007 0.967593
72.400000 0.081935 0.729744 0.010867 0.850794 0.000007 0.967957
72.500000 0.080645 0.730769 0.010540 0.851804 0.000007 0.968317
72.600000 0.079355 0.731795 0.010217 0.852812 0.000007 0.968674
72.700000 0.078065 0.732821 0.009898 0.853818 0.000006 0.969027
72.800000 0.076774 0.733846 0.009585 0.854821 0.000006 0.969378
72.900000 0.075484 0.734872 0.009276 0.855821 0.000006 0.969725
73.000000 0.074194 0.735897 0.008973 0.856818 0.000006 0.970068
73.100000 0.072903 0.736923 0.008674 0.857813 0.000006 0.970409
73.200000 0.071613 0.737949 0.008380 0.858806 0.000005 0.970746
73.300000 0.070323 0.738974 0.008090 0.859795 0.000005 0.971080
73.400000 0.069032 0.740000 0.007806 0.860782 0.000005 0.971411
73.500000 0.067742 0.741026 0.007527 0.861767 0.000005 0.971738
73.600000 0.066452 0.742051 0.007252 0.862749 0.000005 0.972063
73.700000 0.065161 0.743077 0.006983 0.863728 0.000005 0.972384
73.800000 0.063871 0.744103 0.006718 0.864704 0.000004 0.972703
73.900000 0.062581 0.745128 0.006459 0.865677 0.000004 0.973018
74.000000 0.061290 0.746154 0.006204 0.866648 0.000004 0.973330
74.100000 0.060000 0.747179 0.005954 0.867617 0.000004 0.973640
74.200000 0.058710 0.748205 0.005709 0.868582 0.000004 0.973946
74.300000 0.057419 0.749231 0.005469 0.869545 0.000004 0.974249
74.400000 0.056129 0.750256 0.005235 0.870505 0.000004 0.974549
74.500000 0.054839 0.751282 0.005005 0.871462 0.000003 0.974847
74.600000 0.053548 0.752308 0.004780 0.872416 0.000003 0.975141
74.700000 0.052258 0.753333 0.004560 0.873368 0.000003 0.975433
74.800000 0.050968 0.754359 0.004345 0.874317 0.000003 0.975721
74.900000 0.049677 0.755385 0.004136 0.875263 0.000003 0.976007
75.000000 0.048387 0.756410 0.003931 0.876206 0.000003 0.976290
75.100000 0.047097 0.757436 0.003731 0.877146 0.000003 0.976570
75.200000 0.045806 0.758462 0.003537 0.878084 0.000003 0.976847
75.300000 0.044516 0.759487 0.003347 0.879019 0.000003 0.977122
75.400000 0.043226 0.760513 0.003163 0.879951 0.000003 0.977394
75.500000 0.041935 0.761538 0.002984 0.880880 0.000002 0.977663
75.600000 0.040645 0.762564 0.002810 0.881806 0.000002 0.977929
75.700000 0.039355 0.763590 0.002641 0.882729 0.000002 0.978193
75.800000 0.038065 0.764615 0.002477 0.883650 0.000002 0.978454
75.900000 0.036774 0.765641 0.002318 0.884568 0.000002 0.978713
76.000000 0.035484 0.766667 0.002164 0.885482 0.000002 0.978968
76.100000 0.034194 0.767692 0.002016 0.886394 0.000002 0.979222
76.200000 0.032903 0.768718 0.001873 0.887303 0.000002 0.979472
76.300000 0.031613 0.769744 0.001735 0.888209 0.000002 0.979720
76.400000 0.030323 0.770769 0.001602 0.889112 0.000002 0.979966
76.500000 0.029032 0.771795 0.001474 0.890012 0.000002 0.980209
76.600000 0.027742 0.772821 0.001352 0.890909 0.000002 0.980449
76.700000 0.026452 0.773846 0.001235 0.891803 0.000002 0.980687
76.800000 0.025161 0.774872 0.001123 0.892694 0.000002 0.980922
76.900000 0.023871 0.775897 0.001016 0.893583 0.000001 0.981156
77.000000 0.022581 0.776923 0.000915 0.894468 0.000001 0.981386
77.100000 0.021290 0.777949 0.000818 0.895350 0.000001 0.981614
77.200000 0.020000 0.778974 0.000728 0.896229 0.000001 0.981840
77.300000 0.018710 0.780000 0.000642 0.897105 0.000001 0.982064
77.400000 0.017419 0.781026 0.000562 0.897979 0.000001 0.982285
77.500000 0.016129 0.782051 0.000487 0.898849 0.000001 0.982504
77.600000 0.014839 0.783077 0.000417 0.899716 0.000001 0.982720
77.700000 0.013548 0.784103 0.000353 0.900580 0.000001 0.982934
77.800000 0.012258 0.785128 0.000294 0.901441 0.000001 0.983146
77.900000 0.010968 0.786154 0.000240 0.902299 0.000001 0.983356
78.000000 0.009677 0.787179 0.000192 0.903153 0.000001 0.983563
78.100000 0.008387 0.788205 0.000149 0.904005 0.000001 0.983768
78.200000 0.007097 0.789231 0.000112 0.904854 0.000001 0.983971
78.300000 0.005806 0.790256 0.000080 0.905699 0.000001 0.984172
78.400000 0.004516 0.791282 0.000053 0.906542 0.000001 0.984371
78.500000 0.003226 0.792308 0.000032 0.907381 0.000001 0.984567
78.600000 0.001935 0.793333 0.000016 0.908217 0.000001 0.984762
78.700000 0.000645 0.794359 0.000005 0.909050 0.000001 0.984954
78.800000 0.000000 0.795385 0.000000 0.909880 0.000001 0.985144
78.900000 0.000000 0.796410 0.000000 0.910707 0.000001 0.985332
79.000000 0.000000 0.797436 0.000000 0.911530 0.000001 0.985518
79.100000 0.000000 0.798462 0.000000 0.912350 0.000001 0.985703
79.200000 0.000000 0.799487 0.000000 0.913167 0.000001 0.985885
79.300000 0.000000 0.800513 0.000000 0.913981 0.000001 0.986065
79.400000 0.000000 0.801538 0.000000 0.914792 0.000001 0.986243
79.500000 0.000000 0.802564 0.000000 0.915600 0.000001 0.986419
79.600000 0.000000 0.803590 0.000000 0.916404 0.000001 0.986593
79.700000 0.000000 0.804615 0.000000 0.917205 0.000001 0.986765
79.800000 0.000000 0.805641 0.000000 0.918003 0.000001 0.986935
79.900000 0.000000 0.806667 0.000000 0.918797 0.000001 0.987104
80.000000 0.000000 0.807692 0.000000 0.919588 0.000000 0.987270
80.100000 0.000000 0.808718 0.000000 0.920376 0.000000 0.987435
80.200000 0.000000 0.809744 0.000000 0.921161 0.000000 0.987598
80.300000 0.000000 0.810769 0.000000 0.921943 0.000000 0.987758
80.400000 0.000000 0.811795 0.000000 0.922721 0.000000 0.987918
80.500000 0.000000 0.812821 0.000000 0.923495 0.000000 0.988075
80.600000 0.000000 0.813846 0.000000 0.924267 0.000000 0.988231
80.700000 0.000000 0.814872 0.000000 0.925035 0.000000 0.988384
80.800000 0.000000 0.815897 0.000000 0.925800 0.000000 0.988536
80.900000 0.000000 0.816923 0.000000 0.926561 0.000000 0.988687
81.000000 0.000000 0.817949 0.000000 0.927319 0.000000 0.988835
81.100000 0.000000 0.818974 0.000000 0.928074 0.000000 0.988982
81.200000 0.000000 0.820000 0.000000 0.928825 0.000000 0.989127
81.300000 0.000000 0.821026 0.000000 0.929573 0.000000 0.989271
81.400000 0.000000 0.822051 0.000000 0.930318 0.000000 0.989413
81.500000 0.000000 0.823077 0.000000 0.931059 0.000000 0.989553
81.600000 0.000000 0.824103 0.000000 0.931797 0.000000 0.989692
81.700000 0.000000 0.825128 0.000000 0.932531 0.000000 0.989829
81.800000 0.000000 0.826154 0.000000 0.933262 0.000000 0.989964
81.900000 0.000000 0.827179 0.000000 0.933990 0.000000 0.990098
82.000000 0.000000 0.828205 0.000000 0.934714 0.000000 0.990230
82.100000 0.000000 0.829231 0.000000 0.935434 0.000000 0.990361
82.200000 0.000000 0.830256 0.000000 0.936151 0.000000 0.990490
82.300000 0.000000 0.831282 0.000000 0.936865 0.000000 0.990618
82.400000 0.000000 0.832308 0.000000 0.937575 0.000000 0.990744
82.500000 0.000000 0.833333 0.000000 0.938282 0.000000 0.990869
82.600000 0.000000 0.834359 0.000000 0.938985 0.000000 0.990992
82.700000 0.000000 0.835385 0.000000 0.939684 0.000000 0.991114
82.800000 0.000000 0.836410 0.000000 0.940380 0.000000 0.991234
82.900000 0.000000 0.837436 0.000000 0.941073 0.000000 0.991353
83.000000 0.000000 0.838462 0.000000 0.941762 0.000000 0.991471
83.100000 0.000000 0.839487 0.000000 0.942448 0.000000 0.991587
83.200000 0.000000 0.840513 0.000000 0.943129 0.000000 0.991702
83.300000 0.000000 0.841538 0.000000 0.943808 0.000000 0.991815
83.400000 0.000000 0.842564 0.000000 0.944483 0.000000 0.991927
83.500000 0.000000 0.843590 0.000000 0.945154 0.000000 0.992038
83.600000 0.000000 0.844615 0.000000 0.945821 0.000000 0.992147
83.700000 0.000000 0.845641 0.000000 0.946485 0.000000 0.992255
83.800000 0.000000 0.846667 0.000000 0.947146 0.000000 0.992361
83.900000 0.000000 0.847692 0.000000 0.947802 0.000000 0.992467
84.000000 0.000000 0.848718 0.000000 0.948455 0.000000 0.992571
84.100000 0.000000 0.849744 0.000000 0.949105 0.000000 0.992674
84.200000 0.000000 0.850769 0.000000 0.949751 0.000000 0.992775
84.300000 0.000000 0.851795 0.000000 0.950393 0.000000 0.992876
84.400000 0.000000 0.852821 0.000000 0.951031 0.000000 0.992975
84.500000 0.000000 0.853846 0.000000 0.951666 0.000000 0.993072
84.600000 0.000000 0.854872 0.000000 0.952297 0.000000 0.993169
84.700000 0.000000 0.855897 0.000000 0.952925 0.000000 0.993265
84.800000 0.000000 0.856923 0.000000 0.953548 0.000000 0.993359
84.900000 0.000000 0.857949 0.000000 0.954168 0.000000 0.993452
85.000000 0.000000 0.858974 0.000000 0.954785 0.000000 0.993544
85.100000 0.000000 0.860000 0.000000 0.955397 0.000000 0.993635
85.200000 0.000000 0.861026 0.000000 0.956006 0.000000 0.993724
85.300000 0.000000 0.862051 0.000000 0.956611 0.000000 0.993813
85.400000 0.000000 0.863077 0.000000 0.957212 0.000000 0.993900
85.500000 0.000000 0.864103 0.000000 0.957810 0.000000 0.993987
85.600000 0.000000 0.865128 0.000000 0.958404 0.000000 0.994072
85.700000 0.000000 0.866154 0.000000 0.958993 0.000000 0.994156
85.800000 0.000000 0.867179 0.000000 0.959580 0.000000 0.994239
85.900000 0.000000 0.868205 0.000000 0.960162 0.000000 0.994321
86.000000 0.000000 0.869231 0.000000 0.960740 0.000000 0.994402
86.100000 0.000000 0.870256 0.000000 0.961315 0.000000 0.994482
86.200000 0.000000 0.871282 0.000000 0.961886 0.000000 0.994561
86.300000 0.000000 0.872308 0.000000 0.962453 0.000000 0.994639
86.400000 0.000000 0.873333 0.000000 0.963016 0.000000 0.994716
86.500000 0.000000 0.874359 0.000000 0.963575 0.000000 0.994792
86.600000 0.000000 0.875385 0.000000 0.964131 0.000000 0.994867
86.700000 0.000000 0.876410 0.000000 0.964682 0.000000 0.994941
86.800000 0.000000 0.877436 0.000000 0.965230 0.000000 0.995015
86.900000 0.000000 0.878462 0.000000 0.965774 0.000000 0.995087
87.000000 0.000000 0.879487 0.000000 0.966314 0.000000 0.995158
87.100000 0.000000 0.880513 0.000000 0.966849 0.000000 0.995228
87.200000 0.000000 0.881538 0.000000 0.967381 0.000000 0.995298
87.300000 0.000000 0.882564 0.000000 0.967910 0.000000 0.995366
87.400000 0.000000 0.883590 0.000000 0.968434 0.000000 0.995434
87.500000 0.000000 0.884615 0.000000 0.968954 0.000000 0.995501
87.600000 0.000000 0.885641 0.000000 0.969470 0.000000 0.995566
87.700000 0.000000 0.886667 0.000000 0.969982 0.000000 0.995631
87.800000 0.000000 0.887692 0.000000 0.970490 0.000000 0.995695
87.900000 0.000000 0.888718 0.000000 0.970995 0.000000 0.995759
88.000000 0.000000 0.889744 0.000000 0.971495 0.000000 0.995821
88.100000 0.000000 0.890769 0.000000 0.971991 0.000000 0.995883
88.200000 0.000000 0.891795 0.000000 0.972483 0.000000 0.995944
88.300000 0.000000 0.892821 0.000000 0.972971 0.000000 0.996004
88.400000 0.000000 0.893846 0.000000 0.973456 0.000000 0.996063
88.500000 0.000000 0.894872 0.000000 0.973936 0.000000 0.996121
88.600000 0.000000 0.895897 0.000000 0.974412 0.000000 0.996179
88.700000 0.000000 0.896923 0.000000 0.974884 0.000000 0.996236
88.800000 0.000000 0.897949 0.000000 0.975352 0.000000 0.996292
88.900000 0.000000 0.898974 0.000000 0.975815 0.000000 0.996347
89.000000 0.000000 0.900000 0.000000 0.976275 0.000000 0.996402
89.100000 0.000000 0.901026 0.000000 0.976731 0.000000 0.996456
89.200000 0.000000 0.902051 0.000000 0.977182 0.000000 0.996509
89.300000 0.000000 0.903077 0.000000 0.977630 0.000000 0.996562
89.400000 0.000000 0.904103 0.000000 0.978073 0.000000 0.996613
89.500000 0.000000 0.905128 0.000000 0.978512 0.000000 0.996664
89.600000 0.000000 0.906154 0.000000 0.978947 0.000000 0.996715
89.700000 0.000000 0.907179 0.000000 0.979378 0.000000 0.996764
89.800000 0.000000 0.908205 0.000000 0.979805 0.000000 0.996813
89.900000 0.000000 0.909231 0.000000 0.980227 0.000000 0.996862
90.000000 0.000000 0.910256 0.000000 0.980645 0.000000 0.996909
90.100000 0.000000 0.911282 0.000000 0.981059 0.000000 0.996956
90.200000 0.000000 0.912308 0.000000 0.981469 0.000000 0.997003
90.300000 0.000000 0.913333 0.000000 0.981875 0.000000 0.997048
90.400000 0.000000 0.914359 0.000000 0.982276 0.000000 0.997094
90.500000 0.000000 0.915385 0.000000 0.982674 0.000000 0.997138
90.600000 0.000000 0.916410 0.000000 0.983067 0.000000 0.997182
90.700000 0.000000 0.917436 0.000000 0.983455 0.000000 0.997225
90.800000 0.000000 0.918462 0.000000 0.983840 0.000000 0.997268
90.900000 0.000000 0.919487 0.000000 0.984220 0.000000 0.997310
91.000000 0.000000 0.920513 0.000000 0.984596 0.000000 0.997351
91.100000 0.000000 0.921538 0.000000 0.984968 0.000000 0.997392
91.200000 0.000000 0.922564 0.000000 0.985335 0.000000 0.997433
91.300000 0.000000 0.923590 0.000000 0.985698 0.000000 0.997472
91.400000 0.000000 0.924615 0.000000 0.986057 0.000000 0.997511
91.500000 0.000000 0.925641 0.000000 0.986411 0.000000 0.997550
91.600000 0.000000 0.926667 0.000000 0.986761 0.000000 0.997588
91.700000 0.000000 0.927692 0.000000 0.987107 0.000000 0.997626
91.800000 0.000000 0.928718 0.000000 0.987448 0.000000 0.997663
91.900000 0.000000 0.929744 0.000000 0.987785 0.000000 0.997699
92.000000 0.000000 0.930769 0.000000 0.988118 0.000000 0.997735
92.100000 0.000000 0.931795 0.000000 0.988446 0.000000 0.997771
92.200000 0.000000 0.932821 0.000000 0.988770 0.000000 0.997806
92.300000 0.000000 0.933846 0.000000 0.989090 0.000000 0.997840
92.400000 0.000000 0.934872 0.000000 0.989405 0.000000 0.997874
92.500000 0.000000 0.935897 0.000000 0.989716 0.000000 0.997908
92.600000 0.000000 0.936923 0.000000 0.990022 0.000000 0.997941
92.700000 0.000000 0.937949 0.000000 0.990324 0.000000 0.997973
92.800000 0.000000 0.938974 0.000000 0.990621 0.000000 0.998005
92.900000 0.000000 0.940000 0.000000 0.990914 0.000000 0.998037
93.000000 0.000000 0.941026 0.000000 0.991202 0.000000 0.998068
93.100000 0.000000 0.942051 0.000000 0.991486 0.000000 0.998099
93.200000 0.000000 0.943077 0.000000 0.991766 0.000000 0.998129
93.300000 0.000000 0.944103 0.000000 0.992041 0.000000 0.998159
93.400000 0.000000 0.945128 0.000000 0.992312 0.000000 0.998188
93.500000 0.000000 0.946154 0.000000 0.992578 0.000000 0.998217
93.600000 0.000000 0.947179 0.000000 0.992839 0.000000 0.998246
93.700000 0.000000 0.948205 0.000000 0.993096 0.000000 0.998274
93.800000 0.000000 0.949231 0.000000 0.993348 0.000000 0.998302
93.900000 0.000000 0.950256 0.000000 0.993596 0.000000 0.998329
94.000000 0.000000 0.951282 0.000000 0.993840 0.000000 0.998356
94.100000 0.000000 0.952308 0.000000 0.994079 0.000000 0.998383
94.200000 0.000000 0.953333 0.000000 0.994313 0.000000 0.998409
94.300000 0.000000 0.954359 0.000000 0.994542 0.000000 0.998435
94.400000 0.000000 0.955385 0.000000 0.994767 0.000000 0.998460
94.500000 0.000000 0.956410 0.000000 0.994988 0.000000 0.998485
94.600000 0.000000 0.957436 0.000000 0.995204 0.000000 0.998509
94.700000 0.000000 0.958462 0.000000 0.995415 0.000000 0.998534
94.800000 0.000000 0.959487 0.000000 0.995622 0.000000 0.998558
94.900000 0.000000 0.960513 0.000000 0.995824 0.000000 0.998581
95.000000 0.000000 0.961538 0.000000 0.996021 0.000000 0.998604
95.100000 0.000000 0.962564 0.000000 0.996214 0.000000 0.998627
95.200000 0.000000 0.963590 0.000000 0.996402 0.000000 0.998650
95.300000 0.000000 0.964615 0.000000 0.996585 0.000000 0.998672
95.400000 0.000000 0.965641 0.000000 0.996764 0.000000 0.998694
95.500000 0.000000 0.966667 0.000000 0.996938 0.000000 0.998715
95.600000 0.000000 0.967692 0.000000 0.997107 0.000000 0.998736
95.700000 0.000000 0.968718 0.000000 0.997271 0.000000 0.998757
95.800000 0.000000 0.969744 0.000000 0.997431 0.000000 0.998778
95.900000 0.000000 0.970769 0.000000 0.997586 0.000000 0.998798
96.000000 0.000000 0.971795 0.000000 0.997737 0.000000 0.998818
96.100000 0.000000 0.972821 0.000000 0.997882 0.000000 0.998837
96.200000 0.000000 0.973846 0.000000 0.998023 0.000000 0.998857
96.300000 0.000000 0.974872 0.000000 0.998159 0.000000 0.998876
96.400000 0.000000 0.975897 0.000000 0.998291 0.000000 0.998895
96.500000 0.000000 0.976923 0.000000 0.998417 0.000000 0.998913
96.600000 0.000000 0.977949 0.000000 0.998539 0.000000 0.998931
96.700000 0.000000 0.978974 0.000000 0.998656 0.000000 0.998949
96.800000 0.000000 0.980000 0.000000 0.998768 0.000000 0.998967
96.900000 0.000000 0.981026 0.000000 0.998875 0.000000 0.998984
97.000000 0.000000 0.982051 0.000000 0.998978 0.000000 0.999001
97.100000 0.000000 0.983077 0.000000 0.999076 0.000000 0.999018
97.200000 0.000000 0.984103 0.000000 0.999168 0.000000 0.999034
97.300000 0.000000 0.985128 0.000000 0.999256 0.000000 0.999051
97.400000 0.000000 0.986154 0.000000 0.999339 0.000000 0.999067
97.500000 0.000000 0.987179 0.000000 0.999418 0.000000 0.999083
97.600000 0.000000 0.988205 0.000000 0.999491 0.000000 0.999098
97.700000 0.000000 0.989231 0.000000 0.999559 0.000000 0.999113
97.800000 0.000000 0.990256 0.000000 0.999623 0.000000 0.999129
97.900000 0.000000 0.991282 0.000000 0.999682 0.000000 0.999143
98.000000 0.000000 0.992308 0.000000 0.999735 0.000000 0.999158
98.100000 0.000000 0.993333 0.000000 0.999784 0.000000 0.999172
98.200000 0.000000 0.994359 0.000000 0.999828 0.000000 0.999186
98.300000 0.000000 0.995385 0.000000 0.999867 0.000000 0.999200
98.400000 0.000000 0.996410 0.000000 0.999901 0.000000 0.999214
98.500000 0.000000 0.997436 0.000000 0.999930 0.000000 0.999228
98.600000 0.000000 0.998462 0.000000 0.999954 0.000000 0.999241
98.700000 0.000000 0.999487 0.000000 0.999973 0.000000 0.999254
98.800000 0.000000 1.000000 0.000000 0.999987 0.000000 0.999267
98.900000 0.000000 1.000000 0.000000 0.999996 0.000000 0.999279
99.000000 0.000000 1.000000 0.000000 1.000000 0.000000 0.999292
99.100000 0.000000 1.000000 0.000000 1.000000 0.000000 0.999304
99.200000 0.000000 1.000000 0.000000 1.000000 0.000000 0.999316
99.300000 0.000000 1.000000 0.000000 1.000000 0.000000 0.999328
99.400000 0.000000 1.000000 0.000000 1.000000 0.000000 0.999340
99.500000 0.000000 1.000000 0.000000 1.000000 0.000000 0.999351
99.600000 0.000000 1.000000 0.000000 1.000000 0.000000 0.999362
99.700000 0.000000 1.000000 0.000000 1.000000 0.000000 0.999374
99.800000 0.000000 1.000000 0.000000 1.000000 0.000000 0.999384
99.900000 0.000000 1.000000 0.000000 1.000000 0.000000 0.999395
100.000000 0.000000 1.000000 0.000000 1.000000 0.000000 0.999406
