Attempt Threshold P_success FAR FRR P_user_success P_attacker_rejected MeanLimit AchievedMean FinalP_success k_user k_attacker
1 22.749999778281673 0.49440037446194574 0.21594213422021893 0.36943381854827495 0.63056618145172505 0.78405786577978109 1.6000000000000001 1.5999999998079528 0.63090276329025086 10 10
2 41.450114271913847 0.5575224265833727 0.03242788473657518 0.71757248167807786 0.73490445800850557 0.75863252768146916 1.6000000000000001 1.5999999998079528 0.63090276329025086 10 10
3 43.450016903462881 0.59222570462499924 0.025731595811572503 0.74966613729008591 0.80126684902241463 0.73911170210965804 1.6000000000000001 1.5999999998079528 0.63090276329025086 10 10
4 48.449993738795271 0.61033669204099061 0.014323624267748877 0.8163183593116552 0.83777048025314205 0.72852494379674293 1.6000000000000001 1.5999999998079528 0.63090276329025086 10 10
5 50.254828374150669 0.62156819275819619 0.011564940048016401 0.84343616720540571 0.86316975565713649 0.72009959649824906 1.6000000000000001 1.5999999998079528 0.63090276329025086 10 10
6 68.950005908107698 0.62482411131238513 2.4437304744106103e-05 0.96680055474312054 0.86771244386368274 0.7200819992049633 1.6000000000000001 1.5999999998079528 0.63090276329025086 10 10
7 69.149981711324585 0.62793674114280129 6.7401407236249109e-06 0.9672797464871481 0.87204092623705876 0.72007714575095605 1.6000000000000001 1.5999999998079528 0.63090276329025086 10 10
8 69.350440021958448 0.63090276329025075 1.310704269979329e-06 0.96780078090500776 0.87616110848834394 0.72007620194276634 1.6000000000000001 1.5999999998079528 0.63090276329025086 10 10
9 98.504989149234589 0.63090276329025075 0 1 0.87616110848834394 0.72007620194276634 1.6000000000000001 1.5999999998079528 0.63090276329025086 10 10
10 98.079288353059809 0.63090276329025075 0 1 0.87616110848834394 0.72007620194276634 1.6000000000000001 1.5999999998079528 0.63090276329025086 10 10
