k FAR FRR P_success_max product_FRR product_1_minus_FAR P_success_EER P_success_single_attempt_optimum
1 0.3237431323 0.2475905039 0.5088220891 0.2475905039 0.6762568677 0.5063809358 0.5088212152
2 0.0417904428 0.6897973983 0.5606439080 0.2472203604 0.7447649731 0.4642642327 0.4301905250
3 0.0417904428 0.6897973983 0.6049419950 0.2436920561 0.7998620137 0.3516996034 0.3057166015
4 0.0400018166 0.6939317554 0.6523934383 0.2318820055 0.8493401313 0.2546478355 0.2094404259
5 0.0348968040 0.7084073702 0.6878991096 0.1784084231 0.8372762440 0.1821067675 0.1422295795
6 0.0305834164 0.7253953613 0.7090470413 0.1453797851 0.8296633158 0.1297723289 0.0963785282
7 0.0269289548 0.7430855023 0.7227169389 0.1251040927 0.8260604866 0.0923844009 0.0652736278
8 0.0171617161 0.7966551154 0.7338492691 0.1238983329 0.8376302622 0.0657489173 0.0442015347
9 0.0173685236 0.7954719873 0.7451903943 0.1264566724 0.8530663228 0.0467888174 0.0299310923
10 0.0161606799 0.8028099291 0.7551669565 0.1112057777 0.8496533141 0.0332954590 0.0202676879
