T P_success
1.250000 0.000000
1.350000 0.008399
1.450000 0.024910
1.550000 0.041070
1.650000 0.056829
1.750000 0.072150
1.850000 0.087008
1.950000 0.101388
2.050000 0.115282
2.150000 0.128687
2.250000 0.141601
2.350000 0.154026
2.450000 0.165961
2.550000 0.177407
2.650000 0.188366
2.750000 0.198837
2.850000 0.208823
2.950000 0.218324
3.050000 0.227343
3.150000 0.235880
3.250000 0.243942
3.350000 0.251536
3.450000 0.258676
3.550000 0.265384
3.650000 0.271692
3.750000 0.277641
3.850000 0.283281
3.950000 0.288662
4.050000 0.293832
4.150000 0.298833
4.250000 0.303695
4.350000 0.308439
4.450000 0.313078
4.550000 0.317619
4.650000 0.322066
4.750000 0.326420
4.850000 0.330683
4.950000 0.334854
5.050000 0.338935
5.150000 0.342926
5.250000 0.346826
5.350000 0.350637
5.450000 0.354359
5.550000 0.357991
5.650000 0.361535
5.750000 0.364991
5.850000 0.368359
5.950000 0.371640
6.050000 0.374835
6.150000 0.377946
6.250000 0.380975
6.350000 0.383924
6.450000 0.386798
6.550000 0.389599
6.650000 0.392329
6.750000 0.394992
6.850000 0.397588
6.950000 0.400119
7.050000 0.402584
7.150000 0.404984
7.250000 0.407319
7.350000 0.409588
7.450000 0.411791
7.550000 0.413929
7.650000 0.416000
7.750000 0.418006
7.850000 0.419945
7.950000 0.421817
8.050000 0.423624
8.150000 0.425364
8.250000 0.427038
8.350000 0.428649
8.450000 0.430199
8.550000 0.431692
8.650000 0.433135
8.750000 0.434537
8.850000 0.435907
8.950000 0.437254
9.050000 0.438588
9.150000 0.439916
9.250000 0.441244
9.350000 0.442575
9.450000 0.443911
9.550000 0.445253
9.650000 0.446603
9.750000 0.447959
9.850000 0.449322
9.950000 0.450692
10.050000 0.452069
10.150000 0.453452
10.250000 0.454842
10.350000 0.456238
10.450000 0.457640
10.550000 0.459049
10.650000 0.460463
10.750000 0.461882
10.850000 0.463306
10.950000 0.464734
11.050000 0.466164
11.150000 0.467593
11.250000 0.469018
11.350000 0.470435
11.450000 0.471840
11.550000 0.473230
11.650000 0.474601
11.750000 0.475950
11.850000 0.477277
11.950000 0.478581
12.050000 0.479860
12.150000 0.481115
12.250000 0.482345
12.350000 0.483552
12.450000 0.484734
12.550000 0.485892
12.650000 0.487026
12.750000 0.488136
12.850000 0.489222
12.950000 0.490285
13.050000 0.491324
13.150000 0.492339
13.250000 0.493331
13.350000 0.494299
13.450000 0.495242
13.550000 0.496160
13.650000 0.497052
13.750000 0.497916
13.850000 0.498752
13.950000 0.499557
14.050000 0.500330
14.150000 0.501071
14.250000 0.501778
14.350000 0.502451
14.450000 0.503089
14.550000 0.503693
14.650000 0.504263
14.750000 0.504799
14.850000 0.505300
14.950000 0.505768
15.050000 0.506201
15.150000 0.506599
15.250000 0.506964
15.350000 0.507295
15.450000 0.507592
15.550000 0.507856
15.650000 0.508086
15.750000 0.508282
15.850000 0.508446
15.950000 0.508578
16.050000 0.508680
16.150000 0.508752
16.250000 0.508798
16.350000 0.508821
16.450000 0.508821
16.550000 0.508803
16.650000 0.508767
16.750000 0.508715
16.850000 0.508648
16.950000 0.508566
17.050000 0.508471
17.150000 0.508361
17.250000 0.508238
17.350000 0.508100
17.450000 0.507949
17.550000 0.507785
17.650000 0.507606
17.750000 0.507414
17.850000 0.507208
17.950000 0.506989
18.050000 0.506757
18.150000 0.506511
18.250000 0.506253
18.350000 0.505984
18.450000 0.505704
18.550000 0.505416
18.650000 0.505123
18.750000 0.504828
18.850000 0.504535
18.950000 0.504246
19.050000 0.503965
19.150000 0.503694
19.250000 0.503433
19.350000 0.503185
19.450000 0.502950
19.550000 0.502728
19.650000 0.502520
19.750000 0.502326
19.850000 0.502146
19.950000 0.501980
20.050000 0.501830
20.150000 0.501694
20.250000 0.501574
20.350000 0.501469
20.450000 0.501381
20.550000 0.501308
20.650000 0.501250
20.750000 0.501207
20.850000 0.501176
20.950000 0.501153
21.050000 0.501133
21.150000 0.501107
21.250000 0.501067
21.350000 0.501001
21.450000 0.500899
21.550000 0.500753
21.650000 0.500555
21.750000 0.500302
21.850000 0.499989
21.950000 0.499616
22.050000 0.499181
22.150000 0.498685
22.250000 0.498126
22.350000 0.497505
22.450000 0.496822
22.550000 0.496077
22.650000 0.495270
22.750000 0.494400
22.850000 0.493469
22.950000 0.492477
23.050000 0.491422
23.150000 0.490308
23.250000 0.489134
23.350000 0.487903
23.450000 0.486620
23.550000 0.485292
23.650000 0.483927
23.750000 0.482537
23.850000 0.481134
23.950000 0.479730
24.050000 0.478336
24.150000 0.476961
24.250000 0.475611
24.350000 0.474289
24.450000 0.472998
24.550000 0.471739
24.650000 0.470512
24.750000 0.469318
24.850000 0.468155
24.950000 0.467025
25.050000 0.465926
25.150000 0.464860
25.250000 0.463825
25.350000 0.462821
25.450000 0.461849
25.550000 0.460908
25.650000 0.459997
25.750000 0.459116
25.850000 0.458263
25.950000 0.457437
26.050000 0.456632
26.150000 0.455845
26.250000 0.455070
26.350000 0.454300
26.450000 0.453528
26.550000 0.452749
26.650000 0.451959
26.750000 0.451153
26.850000 0.450331
26.950000 0.449491
27.050000 0.448632
27.150000 0.447754
27.250000 0.446857
27.350000 0.445940
27.450000 0.445003
27.550000 0.444047
27.650000 0.443072
27.750000 0.442076
27.850000 0.441061
27.950000 0.440026
28.050000 0.438971
28.150000 0.437896
28.250000 0.436802
28.350000 0.435688
28.450000 0.434556
28.550000 0.433406
28.650000 0.432240
28.750000 0.431059
28.850000 0.429865
28.950000 0.428659
29.050000 0.427442
29.150000 0.426216
29.250000 0.424980
29.350000 0.423736
29.450000 0.422483
29.550000 0.421222
29.650000 0.419952
29.750000 0.418674
29.850000 0.417388
29.950000 0.416094
30.050000 0.414791
30.150000 0.413481
30.250000 0.412163
30.350000 0.410837
30.450000 0.409503
30.550000 0.408161
30.650000 0.406813
30.750000 0.405457
30.850000 0.404096
30.950000 0.402729
31.050000 0.401360
31.150000 0.399991
31.250000 0.398623
31.350000 0.397260
31.450000 0.395905
31.550000 0.394559
31.650000 0.393225
31.750000 0.391903
31.850000 0.390594
31.950000 0.389298
32.050000 0.388017
32.150000 0.386750
32.250000 0.385497
32.350000 0.384259
32.450000 0.383037
32.550000 0.381829
32.650000 0.380637
32.750000 0.379460
32.850000 0.378299
32.950000 0.377155
33.050000 0.376026
33.150000 0.374913
33.250000 0.373816
33.350000 0.372732
33.450000 0.371660
33.550000 0.370598
33.650000 0.369540
33.750000 0.368482
33.850000 0.367420
33.950000 0.366348
34.050000 0.365263
34.150000 0.364163
34.250000 0.363045
34.350000 0.361909
34.450000 0.360754
34.550000 0.359580
34.650000 0.358387
34.750000 0.357174
34.850000 0.355941
34.950000 0.354689
35.050000 0.353418
35.150000 0.352126
35.250000 0.350815
35.350000 0.349483
35.450000 0.348132
35.550000 0.346761
35.650000 0.345371
35.750000 0.343961
35.850000 0.342534
35.950000 0.341092
36.050000 0.339637
36.150000 0.338175
36.250000 0.336711
36.350000 0.335250
36.450000 0.333797
36.550000 0.332357
36.650000 0.330932
36.750000 0.329526
36.850000 0.328139
36.950000 0.326772
37.050000 0.325426
37.150000 0.324101
37.250000 0.322797
37.350000 0.321513
37.450000 0.320251
37.550000 0.319011
37.650000 0.317791
37.750000 0.316593
37.850000 0.315417
37.950000 0.314261
38.050000 0.313128
38.150000 0.312016
38.250000 0.310924
38.350000 0.309851
38.450000 0.308797
38.550000 0.307756
38.650000 0.306727
38.750000 0.305703
38.850000 0.304680
38.950000 0.303653
39.050000 0.302617
39.150000 0.301571
39.250000 0.300510
39.350000 0.299436
39.450000 0.298345
39.550000 0.297239
39.650000 0.296117
39.750000 0.294979
39.850000 0.293825
39.950000 0.292655
40.050000 0.291469
40.150000 0.290268
40.250000 0.289050
40.350000 0.287817
40.450000 0.286568
40.550000 0.285303
40.650000 0.284023
40.750000 0.282728
40.850000 0.281417
40.950000 0.280092
41.050000 0.278752
41.150000 0.277399
41.250000 0.276034
41.350000 0.274657
41.450000 0.273271
41.550000 0.271874
41.650000 0.270469
41.750000 0.269056
41.850000 0.267635
41.950000 0.266206
42.050000 0.264770
42.150000 0.263326
42.250000 0.261875
42.350000 0.260416
42.450000 0.258949
42.550000 0.257476
42.650000 0.255994
42.750000 0.254506
42.850000 0.253010
42.950000 0.251507
43.050000 0.249996
43.150000 0.248479
43.250000 0.246955
43.350000 0.245426
43.450000 0.243893
43.550000 0.242358
43.650000 0.240825
43.750000 0.239298
43.850000 0.237780
43.950000 0.236275
44.050000 0.234786
44.150000 0.233315
44.250000 0.231865
44.350000 0.230436
44.450000 0.229029
44.550000 0.227644
44.650000 0.226281
44.750000 0.224940
44.850000 0.223622
44.950000 0.222326
45.050000 0.221052
45.150000 0.219801
45.250000 0.218572
45.350000 0.217365
45.450000 0.216181
45.550000 0.215019
45.650000 0.213880
45.750000 0.212761
45.850000 0.211662
45.950000 0.210582
46.050000 0.209516
46.150000 0.208460
46.250000 0.207410
46.350000 0.206361
46.450000 0.205307
46.550000 0.204244
46.650000 0.203169
46.750000 0.202080
46.850000 0.200976
46.950000 0.199855
47.050000 0.198718
47.150000 0.197564
47.250000 0.196394
47.350000 0.195207
47.450000 0.194003
47.550000 0.192783
47.650000 0.191546
47.750000 0.190292
47.850000 0.189021
47.950000 0.187734
48.050000 0.186430
48.150000 0.185109
48.250000 0.183772
48.350000 0.182419
48.450000 0.181051
48.550000 0.179668
48.650000 0.178271
48.750000 0.176862
48.850000 0.175443
48.950000 0.174014
49.050000 0.172577
49.150000 0.171132
49.250000 0.169681
49.350000 0.168223
49.450000 0.166759
49.550000 0.165289
49.650000 0.163813
49.750000 0.162330
49.850000 0.160842
49.950000 0.159347
50.050000 0.157846
50.150000 0.156339
50.250000 0.154827
50.350000 0.153308
50.450000 0.151783
50.550000 0.150252
50.650000 0.148715
50.750000 0.147174
50.850000 0.145627
50.950000 0.144077
51.050000 0.142526
51.150000 0.140975
51.250000 0.139427
51.350000 0.137885
51.450000 0.136352
51.550000 0.134830
51.650000 0.133321
51.750000 0.131825
51.850000 0.130344
51.950000 0.128878
52.050000 0.127428
52.150000 0.125992
52.250000 0.124572
52.350000 0.123168
52.450000 0.121778
52.550000 0.120405
52.650000 0.119046
52.750000 0.117703
52.850000 0.116376
52.950000 0.115063
53.050000 0.113767
53.150000 0.112486
53.250000 0.111220
53.350000 0.109971
53.450000 0.108738
53.550000 0.107521
53.650000 0.106321
53.750000 0.105140
53.850000 0.103977
53.950000 0.102833
54.050000 0.101709
54.150000 0.100606
54.250000 0.099524
54.350000 0.098462
54.450000 0.097422
54.550000 0.096402
54.650000 0.095404
54.750000 0.094427
54.850000 0.093471
54.950000 0.092536
55.050000 0.091622
55.150000 0.090729
55.250000 0.089858
55.350000 0.089008
55.450000 0.088178
55.550000 0.087370
55.650000 0.086583
55.750000 0.085816
55.850000 0.085069
55.950000 0.084342
56.050000 0.083631
56.150000 0.082936
56.250000 0.082254
56.350000 0.081583
56.450000 0.080920
56.550000 0.080264
56.650000 0.079612
56.750000 0.078964
56.850000 0.078319
56.950000 0.077677
57.050000 0.077038
57.150000 0.076402
57.250000 0.075768
57.350000 0.075136
57.450000 0.074508
57.550000 0.073882
57.650000 0.073258
57.750000 0.072637
57.850000 0.072019
57.950000 0.071403
58.050000 0.070790
58.150000 0.070179
58.250000 0.069571
58.350000 0.068967
58.450000 0.068365
58.550000 0.067767
58.650000 0.067174
58.750000 0.066585
58.850000 0.066002
58.950000 0.065425
59.050000 0.064855
59.150000 0.064292
59.250000 0.063737
59.350000 0.063190
59.450000 0.062650
59.550000 0.062118
59.650000 0.061595
59.750000 0.061079
59.850000 0.060571
59.950000 0.060071
60.050000 0.059579
60.150000 0.059095
60.250000 0.058619
60.350000 0.058150
60.450000 0.057690
60.550000 0.057238
60.650000 0.056793
60.750000 0.056356
60.850000 0.055927
60.950000 0.055504
61.050000 0.055088
61.150000 0.054677
61.250000 0.054271
61.350000 0.053868
61.450000 0.053468
61.550000 0.053069
61.650000 0.052671
61.750000 0.052274
61.850000 0.051877
61.950000 0.051480
62.050000 0.051083
62.150000 0.050686
62.250000 0.050288
62.350000 0.049891
62.450000 0.049494
62.550000 0.049097
62.650000 0.048699
62.750000 0.048302
62.850000 0.047905
62.950000 0.047507
63.050000 0.047110
63.150000 0.046712
63.250000 0.046315
63.350000 0.045919
63.450000 0.045524
63.550000 0.045131
63.650000 0.044741
63.750000 0.044356
63.850000 0.043977
63.950000 0.043605
64.050000 0.043242
64.150000 0.042888
64.250000 0.042544
64.350000 0.042210
64.450000 0.041887
64.550000 0.041574
64.650000 0.041272
64.750000 0.040981
64.850000 0.040700
64.950000 0.040430
65.050000 0.040170
65.150000 0.039921
65.250000 0.039683
65.350000 0.039456
65.450000 0.039239
65.550000 0.039032
65.650000 0.038837
65.750000 0.038651
65.850000 0.038475
65.950000 0.038308
66.050000 0.038150
66.150000 0.037997
66.250000 0.037850
66.350000 0.037706
66.450000 0.037563
66.550000 0.037420
66.650000 0.037276
66.750000 0.037130
66.850000 0.036982
66.950000 0.036832
67.050000 0.036679
67.150000 0.036523
67.250000 0.036365
67.350000 0.036204
67.450000 0.036040
67.550000 0.035873
67.650000 0.035704
67.750000 0.035532
67.850000 0.035358
67.950000 0.035180
68.050000 0.035000
68.150000 0.034818
68.250000 0.034632
68.350000 0.034443
68.450000 0.034250
68.550000 0.034052
68.650000 0.033850
68.750000 0.033640
68.850000 0.033424
68.950000 0.033199
69.050000 0.032964
69.150000 0.032720
69.250000 0.032465
69.350000 0.032200
69.450000 0.031925
69.550000 0.031638
69.650000 0.031341
69.750000 0.031034
69.850000 0.030715
69.950000 0.030386
70.050000 0.030046
70.150000 0.029696
70.250000 0.029334
70.350000 0.028962
70.450000 0.028580
70.550000 0.028187
70.650000 0.027783
70.750000 0.027370
70.850000 0.026947
70.950000 0.026517
71.050000 0.026081
71.150000 0.025641
71.250000 0.025202
71.350000 0.024765
71.450000 0.024334
71.550000 0.023912
71.650000 0.023500
71.750000 0.023100
71.850000 0.022712
71.950000 0.022338
72.050000 0.021977
72.150000 0.021629
72.250000 0.021295
72.350000 0.020973
72.450000 0.020666
72.550000 0.020371
72.650000 0.020090
72.750000 0.019823
72.850000 0.019569
72.950000 0.019328
73.050000 0.019100
73.150000 0.018886
73.250000 0.018684
73.350000 0.018496
73.450000 0.018319
73.550000 0.018153
73.650000 0.017997
73.750000 0.017848
73.850000 0.017707
73.950000 0.017571
74.050000 0.017438
74.150000 0.017308
74.250000 0.017180
74.350000 0.017054
74.450000 0.016929
74.550000 0.016806
74.650000 0.016685
74.750000 0.016564
74.850000 0.016445
74.950000 0.016327
75.050000 0.016211
75.150000 0.016096
75.250000 0.015982
75.350000 0.015870
75.450000 0.015759
75.550000 0.015649
75.650000 0.015541
75.750000 0.015434
75.850000 0.015328
75.950000 0.015224
76.050000 0.015121
76.150000 0.015019
76.250000 0.014918
76.350000 0.014819
76.450000 0.014722
76.550000 0.014625
76.650000 0.014530
76.750000 0.014437
76.850000 0.014344
76.950000 0.014254
77.050000 0.014164
77.150000 0.014076
77.250000 0.013989
77.350000 0.013903
77.450000 0.013819
77.550000 0.013736
77.650000 0.013654
77.750000 0.013574
77.850000 0.013495
77.950000 0.013417
78.050000 0.013341
78.150000 0.013266
78.250000 0.013192
78.350000 0.013120
78.450000 0.013049
78.550000 0.012979
78.650000 0.012909
78.750000 0.012841
78.850000 0.012773
78.950000 0.012705
79.050000 0.012638
79.150000 0.012571
79.250000 0.012504
79.350000 0.012437
79.450000 0.012370
79.550000 0.012303
79.650000 0.012237
79.750000 0.012170
79.850000 0.012103
79.950000 0.012036
80.050000 0.011969
80.150000 0.011902
80.250000 0.011835
80.350000 0.011768
80.450000 0.011701
80.550000 0.011634
80.650000 0.011568
80.750000 0.011501
80.850000 0.011434
80.950000 0.011367
81.050000 0.011300
81.150000 0.011233
81.250000 0.011166
81.350000 0.011099
81.450000 0.011032
81.550000 0.010965
81.650000 0.010899
81.750000 0.010832
81.850000 0.010765
81.950000 0.010698
82.050000 0.010631
82.150000 0.010564
82.250000 0.010497
82.350000 0.010430
82.450000 0.010363
82.550000 0.010296
82.650000 0.010230
82.750000 0.010163
82.850000 0.010096
82.950000 0.010029
83.050000 0.009962
83.150000 0.009895
83.250000 0.009828
83.350000 0.009761
83.450000 0.009694
83.550000 0.009628
83.650000 0.009561
83.750000 0.009494
83.850000 0.009427
83.950000 0.009360
84.050000 0.009293
84.150000 0.009226
84.250000 0.009159
84.350000 0.009092
84.450000 0.009025
84.550000 0.008959
84.650000 0.008892
84.750000 0.008825
84.850000 0.008758
84.950000 0.008691
85.050000 0.008624
85.150000 0.008557
85.250000 0.008490
85.350000 0.008423
85.450000 0.008356
85.550000 0.008290
85.650000 0.008223
85.750000 0.008156
85.850000 0.008089
85.950000 0.008022
86.050000 0.007955
86.150000 0.007888
86.250000 0.007821
86.350000 0.007754
86.450000 0.007687
86.550000 0.007621
86.650000 0.007554
86.750000 0.007487
86.850000 0.007420
86.950000 0.007353
87.050000 0.007286
87.150000 0.007219
87.250000 0.007152
87.350000 0.007085
87.450000 0.007018
87.550000 0.006952
87.650000 0.006885
87.750000 0.006818
87.850000 0.006751
87.950000 0.006684
88.050000 0.006617
88.150000 0.006550
88.250000 0.006483
88.350000 0.006416
88.450000 0.006349
88.550000 0.006283
88.650000 0.006216
88.750000 0.006149
88.850000 0.006082
88.950000 0.006015
89.050000 0.005948
89.150000 0.005881
89.250000 0.005814
89.350000 0.005747
89.450000 0.005681
89.550000 0.005614
89.650000 0.005547
89.750000 0.005480
89.850000 0.005413
89.950000 0.005346
90.050000 0.005279
90.150000 0.005212
90.250000 0.005145
90.350000 0.005078
90.450000 0.005012
90.550000 0.004945
90.650000 0.004878
90.750000 0.004811
90.850000 0.004744
90.950000 0.004677
91.050000 0.004610
91.150000 0.004543
91.250000 0.004476
91.350000 0.004409
91.450000 0.004343
91.550000 0.004276
91.650000 0.004209
91.750000 0.004142
91.850000 0.004075
91.950000 0.004008
92.050000 0.003941
92.150000 0.003874
92.250000 0.003807
92.350000 0.003740
92.450000 0.003674
92.550000 0.003607
92.650000 0.003540
92.750000 0.003473
92.850000 0.003406
92.950000 0.003339
93.050000 0.003272
93.150000 0.003205
93.250000 0.003138
93.350000 0.003071
93.450000 0.003005
93.550000 0.002938
93.650000 0.002871
93.750000 0.002804
93.850000 0.002737
93.950000 0.002670
94.050000 0.002603
94.150000 0.002536
94.250000 0.002469
94.350000 0.002402
94.450000 0.002336
94.550000 0.002269
94.650000 0.002202
94.750000 0.002135
94.850000 0.002068
94.950000 0.002001
95.050000 0.001934
95.150000 0.001867
95.250000 0.001800
95.350000 0.001734
95.450000 0.001667
95.550000 0.001600
95.650000 0.001533
95.750000 0.001466
95.850000 0.001399
95.950000 0.001332
96.050000 0.001265
96.150000 0.001198
96.250000 0.001131
96.350000 0.001065
96.450000 0.000998
96.550000 0.000931
96.650000 0.000864
96.750000 0.000797
96.850000 0.000730
96.950000 0.000663
97.050000 0.000596
97.150000 0.000529
97.250000 0.000462
97.350000 0.000396
97.450000 0.000329
97.550000 0.000262
97.650000 0.000195
97.750000 0.000128
97.850000 0.000061
97.950000 0.000000
98.050000 0.000000
98.150000 0.000000
98.250000 0.000000
98.350000 0.000000
98.450000 0.000000
98.550000 0.000000
98.650000 0.000000
98.750000 0.000000
