score genuine impostor
1.250000 24 632
3.750000 34 206
6.250000 30 128
8.750000 60 90
11.250000 60 108
13.750000 60 94
16.250000 68 74
18.750000 68 68
21.250000 38 56
23.750000 72 24
26.250000 56 54
28.750000 68 54
31.250000 66 46
33.750000 42 24
36.250000 58 30
38.750000 38 26
41.250000 46 14
43.750000 50 10
46.250000 32 8
48.750000 44 6
51.250000 48 4
53.750000 36 2
56.250000 20 0
58.750000 18 0
61.250000 12 0
63.750000 12 0
66.250000 4 0
68.750000 6 2
71.250000 14 0
73.750000 4 0
76.250000 0 0
78.750000 2 0
81.250000 2 0
83.750000 2 0
86.250000 2 0
88.750000 0 0
91.250000 0 0
93.750000 2 0
96.250000 0 0
98.750000 2 0
