Attempt Threshold P_success FAR FRR P_user_success P_attacker_rejected MeanLimit AchievedMean FinalP_success k_user k_attacker
1 39.049998131983557 0.30261721249549334 0.045031566360604021 0.68311286338312194 0.31688713661687806 0.95496843363939599 2.5 2.4999999986632093 0.71640752973563471 10 10
2 40.142488058541346 0.48042027809895083 0.038372777871469158 0.69805565990507001 0.52314919936145288 0.91832364206108652 2.5 2.4999999986632093 0.71640752973563471 10 10
3 40.949999765033574 0.58651904453199999 0.034457910920728592 0.70991261358155044 0.66147760183023419 0.88668012780654659 2.5 2.4999999986632093 0.71640752973563471 10 10
4 42.150002125306003 0.64803450004205587 0.029879275144766557 0.72856367261015442 0.75336487832863841 0.86018676830241803 2.5 2.4999999986632093 0.71640752973563471 10 10
5 47.250000176775657 0.67897208294662548 0.016554493809014643 0.80029990839625598 0.8026179347191098 0.8459468117719593 2.5 2.4999999986632093 0.71640752973563471 10 10
6 48.350008084902839 0.69958809961373158 0.014497405626328182 0.81489757103465355 0.83915383443679914 0.83368277770340216 2.5 2.4999999986632093 0.71640752973563471 10 10
7 68.85000542155808 0.70404110822275379 4.136168994900163e-05 0.96657488419808446 0.8445301361470432 0.83364829517483496 2.5 2.4999999986632093 0.71640752973563471 10 10
8 68.949996645524607 0.70832668682614186 2.443852637032553e-05 0.96680053330340188 0.8496916527143541 0.83362792203898972 2.5 2.4999999986632093 0.71640752973563471 10 10
9 69.049995613073207 0.7124476799150582 1.3370720512161757e-05 0.96703528781597536 0.85464652412148179 0.83361677583303306 2.5 2.4999999986632093 0.71640752973563471 10 10
10 69.150001579909897 0.71640752973563471 6.7388706853400264e-06 0.96727979522521734 0.85940251961695335 0.83361115819737952 2.5 2.4999999986632093 0.71640752973563471 10 10
