score genuine_cdf impostor_cdf
0.0000000000 0.0000000000 0.0227272727
0.0084400118 0.0000000000 0.0238636364
0.0120967618 0.0000000000 0.0250000000
0.0204697739 0.0000000000 0.0261363636
0.0275752475 0.0000000000 0.0272727273
0.0483428825 0.0000000000 0.0284090909
0.0634633067 0.0000000000 0.0295454545
0.0717271604 0.0000000000 0.0306818182
0.0914717205 0.0000000000 0.0318181818
0.0963423328 0.0000000000 0.0329545455
0.0979438594 0.0000000000 0.0340909091
0.1043842372 0.0000000000 0.0352272727
0.1078911649 0.0000000000 0.0363636364
0.1256009296 0.0000000000 0.0375000000
0.1330480842 0.0000000000 0.0386363636
0.1369924470 0.0000000000 0.0397727273
0.1371413192 0.0000000000 0.0409090909
0.1371532777 0.0000000000 0.0420454545
0.1504694795 0.0000000000 0.0431818182
0.1526708105 0.0000000000 0.0443181818
0.1661292362 0.0000000000 0.0454545455
0.1938144208 0.0000000000 0.0465909091
0.2028829413 0.0000000000 0.0477272727
0.2074551499 0.0000000000 0.0488636364
0.2142293778 0.0000000000 0.0500000000
0.2147183182 0.0000000000 0.0511363636
0.2169309568 0.0000000000 0.0522727273
0.2304578528 0.0000000000 0.0534090909
0.2318924770 0.0000000000 0.0545454545
0.2323125452 0.0000000000 0.0556818182
0.2362248471 0.0000000000 0.0568181818
0.2427784965 0.0000000000 0.0579545455
0.2732286028 0.0000000000 0.0590909091
0.2800092622 0.0000000000 0.0602272727
0.2936064600 0.0000000000 0.0613636364
0.2991382994 0.0000000000 0.0625000000
0.3164761121 0.0000000000 0.0636363636
0.3244142321 0.0000000000 0.0647727273
0.3395600525 0.0000000000 0.0659090909
0.3539940540 0.0016666667 0.0659090909
0.3630220634 0.0016666667 0.0670454545
0.3643224782 0.0016666667 0.0681818182
0.3656852246 0.0016666667 0.0693181818
0.3701270960 0.0016666667 0.0704545455
0.3758971247 0.0016666667 0.0715909091
0.3846892336 0.0016666667 0.0727272727
0.3900911342 0.0016666667 0.0738636364
0.3932437732 0.0016666667 0.0750000000
0.3932894346 0.0016666667 0.0761363636
0.3962378548 0.0016666667 0.0772727273
0.3967197421 0.0016666667 0.0784090909
0.3994500455 0.0016666667 0.0795454545
0.4129456372 0.0016666667 0.0806818182
0.4183281153 0.0016666667 0.0818181818
0.4274294396 0.0016666667 0.0829545455
0.4316528168 0.0016666667 0.0840909091
0.4328500984 0.0016666667 0.0852272727
0.4366474051 0.0016666667 0.0863636364
0.4462006798 0.0016666667 0.0875000000
0.4555239157 0.0016666667 0.0886363636
0.4571417107 0.0016666667 0.0897727273
0.4591242931 0.0016666667 0.0909090909
0.4643817233 0.0016666667 0.0920454545
0.4757054042 0.0016666667 0.0931818182
0.4760074824 0.0016666667 0.0943181818
0.4993684139 0.0016666667 0.0954545455
0.5059248475 0.0016666667 0.0965909091
0.5102188688 0.0016666667 0.0977272727
0.5124764850 0.0016666667 0.0988636364
0.5249709835 0.0016666667 0.1000000000
0.5250621176 0.0016666667 0.1011363636
0.5285693857 0.0016666667 0.1022727273
0.5292641074 0.0016666667 0.1034090909
0.5323463987 0.0016666667 0.1045454545
0.5402853476 0.0016666667 0.1056818182
0.5408304257 0.0016666667 0.1068181818
0.5539133386 0.0016666667 0.1079545455
0.5633217844 0.0016666667 0.1090909091
0.5662247851 0.0016666667 0.1102272727
0.5741879283 0.0016666667 0.1113636364
0.5781202019 0.0016666667 0.1125000000
0.5812872772 0.0016666667 0.1136363636
0.5967012055 0.0016666667 0.1147727273
0.5980867673 0.0016666667 0.1159090909
0.6001633189 0.0016666667 0.1170454545
0.6011984881 0.0016666667 0.1181818182
0.6112736997 0.0016666667 0.1193181818
0.6195749138 0.0016666667 0.1204545455
0.6238704440 0.0016666667 0.1215909091
0.6292565717 0.0033333333 0.1215909091
0.6299446175 0.0033333333 0.1227272727
0.6301565961 0.0033333333 0.1238636364
0.6323610745 0.0033333333 0.1250000000
0.6326177656 0.0033333333 0.1261363636
0.6344677431 0.0033333333 0.1272727273
0.6516287567 0.0033333333 0.1284090909
0.6536075234 0.0033333333 0.1295454545
0.6574213542 0.0033333333 0.1306818182
0.6646024784 0.0033333333 0.1318181818
0.6704324887 0.0033333333 0.1329545455
0.6719125852 0.0033333333 0.1340909091
0.6804572890 0.0033333333 0.1352272727
0.6825461616 0.0033333333 0.1363636364
0.6941971074 0.0033333333 0.1375000000
0.6944867524 0.0033333333 0.1386363636
0.6956394419 0.0033333333 0.1397727273
0.6959546048 0.0033333333 0.1409090909
0.6962299130 0.0033333333 0.1420454545
0.7004016397 0.0033333333 0.1431818182
0.7049044264 0.0033333333 0.1443181818
0.7246145181 0.0033333333 0.1454545455
0.7277545508 0.0033333333 0.1465909091
0.7278285536 0.0033333333 0.1477272727
0.7290792750 0.0033333333 0.1488636364
0.7426474974 0.0033333333 0.1500000000
0.7506307124 0.0033333333 0.1511363636
0.7542313945 0.0033333333 0.1522727273
0.7609313308 0.0033333333 0.1534090909
0.7619343679 0.0033333333 0.1545454545
0.7647125824 0.0033333333 0.1556818182
0.7673153074 0.0033333333 0.1568181818
0.7753161443 0.0033333333 0.1579545455
0.7773610113 0.0033333333 0.1590909091
0.7865609684 0.0033333333 0.1602272727
0.7866617718 0.0033333333 0.1613636364
0.7914377052 0.0033333333 0.1625000000
0.8090543574 0.0033333333 0.1636363636
0.8096037246 0.0033333333 0.1647727273
0.8120226049 0.0033333333 0.1659090909
0.8134939720 0.0033333333 0.1670454545
0.8159988218 0.0033333333 0.1681818182
0.8164011376 0.0033333333 0.1693181818
0.8185057829 0.0033333333 0.1704545455
0.8220006655 0.0033333333 0.1715909091
0.8268608287 0.0033333333 0.1727272727
0.8279227813 0.0033333333 0.1738636364
0.8312666880 0.0033333333 0.1750000000
0.8391923945 0.0033333333 0.1761363636
0.8501534646 0.0033333333 0.1772727273
0.8573726621 0.0033333333 0.1784090909
0.8589911730 0.0033333333 0.1795454545
0.8623448335 0.0033333333 0.1806818182
0.8668985570 0.0033333333 0.1818181818
0.8733315598 0.0033333333 0.1829545455
0.8745838133 0.0033333333 0.1840909091
0.8887774109 0.0033333333 0.1852272727
0.8976618436 0.0033333333 0.1863636364
0.9019102920 0.0033333333 0.1875000000
0.9065750452 0.0033333333 0.1886363636
0.9189050881 0.0033333333 0.1897727273
0.9215862322 0.0033333333 0.1909090909
0.9215903496 0.0033333333 0.1920454545
0.9354757593 0.0033333333 0.1931818182
0.9355554280 0.0033333333 0.1943181818
0.9459015699 0.0033333333 0.1954545455
0.9469199537 0.0033333333 0.1965909091
0.9481079251 0.0033333333 0.1977272727
0.9506767788 0.0033333333 0.1988636364
0.9615211443 0.0033333333 0.2000000000
0.9645196333 0.0033333333 0.2011363636
0.9649450685 0.0033333333 0.2022727273
0.9686349937 0.0033333333 0.2034090909
0.9812132383 0.0033333333 0.2045454545
0.9832745061 0.0033333333 0.2056818182
0.9942981472 0.0033333333 0.2068181818
0.9944066820 0.0033333333 0.2079545455
1.0072283467 0.0033333333 0.2090909091
1.0094763594 0.0033333333 0.2102272727
1.0160576291 0.0033333333 0.2113636364
1.0161587737 0.0033333333 0.2125000000
1.0294368756 0.0033333333 0.2136363636
1.0433557998 0.0033333333 0.2147727273
1.0533994400 0.0033333333 0.2159090909
1.0578580044 0.0033333333 0.2170454545
1.0634813631 0.0033333333 0.2181818182
1.0655613419 0.0033333333 0.2193181818
1.0782910441 0.0033333333 0.2204545455
1.0803399789 0.0033333333 0.2215909091
1.1055569233 0.0033333333 0.2227272727
1.1129879325 0.0033333333 0.2238636364
1.1206376755 0.0033333333 0.2250000000
1.1268238157 0.0033333333 0.2261363636
1.1485588262 0.0033333333 0.2272727273
1.1492295403 0.0033333333 0.2284090909
1.1592436371 0.0033333333 0.2295454545
1.1613216378 0.0033333333 0.2306818182
1.1634742632 0.0033333333 0.2318181818
1.1797798820 0.0033333333 0.2329545455
1.2049302529 0.0033333333 0.2340909091
1.2163795403 0.0033333333 0.2352272727
1.2408265439 0.0033333333 0.2363636364
1.2445218756 0.0033333333 0.2375000000
1.2581413421 0.0033333333 0.2386363636
1.2633674504 0.0050000000 0.2386363636
1.2661890580 0.0050000000 0.2397727273
1.2800760627 0.0066666667 0.2397727273
1.3339821628 0.0066666667 0.2409090909
1.3444884889 0.0066666667 0.2420454545
1.3478751238 0.0066666667 0.2431818182
1.3552092970 0.0066666667 0.2443181818
1.3689638202 0.0066666667 0.2454545455
1.3859212391 0.0083333333 0.2454545455
1.3890591398 0.0083333333 0.2465909091
1.3979152354 0.0083333333 0.2477272727
1.4091899421 0.0083333333 0.2488636364
1.4117682658 0.0083333333 0.2500000000
1.4191504644 0.0100000000 0.2500000000
1.4331674758 0.0100000000 0.2511363636
1.4333583247 0.0100000000 0.2522727273
1.4358966702 0.0100000000 0.2534090909
1.4406263158 0.0116666667 0.2534090909
1.4586919744 0.0116666667 0.2545454545
1.4663505688 0.0116666667 0.2556818182
1.4692326792 0.0116666667 0.2568181818
1.4769669625 0.0116666667 0.2579545455
1.4945068330 0.0116666667 0.2590909091
1.4999904552 0.0116666667 0.2602272727
1.5023260654 0.0116666667 0.2613636364
1.5045175850 0.0116666667 0.2625000000
1.5063891425 0.0116666667 0.2636363636
1.5205406668 0.0116666667 0.2647727273
1.5251082407 0.0116666667 0.2659090909
1.5390841423 0.0116666667 0.2670454545
1.5446303881 0.0116666667 0.2681818182
1.5598505390 0.0116666667 0.2693181818
1.5608456801 0.0116666667 0.2704545455
1.5702322331 0.0116666667 0.2715909091
1.5849419706 0.0116666667 0.2727272727
1.6104240324 0.0116666667 0.2738636364
1.6167216458 0.0116666667 0.2750000000
1.6737209269 0.0116666667 0.2761363636
1.6849809016 0.0116666667 0.2772727273
1.6910710276 0.0116666667 0.2784090909
1.6928287532 0.0133333333 0.2784090909
1.7174698194 0.0133333333 0.2795454545
1.7301854299 0.0133333333 0.2806818182
1.7368273158 0.0133333333 0.2818181818
1.7468824857 0.0133333333 0.2829545455
1.7500468291 0.0133333333 0.2840909091
1.7516088405 0.0133333333 0.2852272727
1.7694061174 0.0133333333 0.2863636364
1.7831952377 0.0133333333 0.2875000000
1.7837014879 0.0133333333 0.2886363636
1.7847117582 0.0133333333 0.2897727273
1.7883990090 0.0133333333 0.2909090909
1.7970816245 0.0133333333 0.2920454545
1.8065807897 0.0133333333 0.2931818182
1.8109086073 0.0133333333 0.2943181818
1.8278871872 0.0133333333 0.2954545455
1.8429428846 0.0133333333 0.2965909091
1.8437152590 0.0133333333 0.2977272727
1.8538799639 0.0133333333 0.2988636364
1.8819229943 0.0133333333 0.3000000000
1.8870000684 0.0133333333 0.3011363636
1.8959247202 0.0133333333 0.3022727273
1.9213173621 0.0133333333 0.3034090909
1.9220627850 0.0133333333 0.3045454545
1.9325653096 0.0133333333 0.3056818182
1.9415521910 0.0133333333 0.3068181818
1.9523203458 0.0133333333 0.3079545455
1.9761833988 0.0133333333 0.3090909091
1.9865620482 0.0133333333 0.3102272727
1.9873285747 0.0150000000 0.3102272727
1.9957931055 0.0166666667 0.3102272727
2.0388585263 0.0166666667 0.3113636364
2.0569421482 0.0166666667 0.3125000000
2.0707136718 0.0166666667 0.3136363636
2.0719034190 0.0166666667 0.3147727273
2.0762758717 0.0166666667 0.3159090909
2.0763822675 0.0166666667 0.3170454545
2.0796710153 0.0166666667 0.3181818182
2.0832572480 0.0166666667 0.3193181818
2.0847905187 0.0166666667 0.3204545455
2.0860167292 0.0166666667 0.3215909091
2.0901097659 0.0166666667 0.3227272727
2.0901784177 0.0166666667 0.3238636364
2.0919984670 0.0166666667 0.3250000000
2.0952387547 0.0166666667 0.3261363636
2.0953285264 0.0166666667 0.3272727273
2.1080599269 0.0166666667 0.3284090909
2.1160620799 0.0166666667 0.3295454545
2.1177875302 0.0166666667 0.3306818182
2.1190571935 0.0166666667 0.3318181818
2.1236251276 0.0166666667 0.3329545455
2.1250296398 0.0166666667 0.3340909091
2.1261489124 0.0166666667 0.3352272727
2.1569227418 0.0166666667 0.3363636364
2.1618778803 0.0166666667 0.3375000000
2.1648649451 0.0166666667 0.3386363636
2.1694449823 0.0166666667 0.3397727273
2.2082666148 0.0166666667 0.3409090909
2.2134438394 0.0166666667 0.3420454545
2.2182136573 0.0166666667 0.3431818182
2.2622166409 0.0166666667 0.3443181818
2.2749390792 0.0166666667 0.3454545455
2.2851654740 0.0166666667 0.3465909091
2.3072069549 0.0183333333 0.3465909091
2.3137032391 0.0183333333 0.3477272727
2.3414425058 0.0183333333 0.3488636364
2.3431065797 0.0183333333 0.3500000000
2.3547372341 0.0183333333 0.3511363636
2.3613997553 0.0183333333 0.3522727273
2.3703378224 0.0183333333 0.3534090909
2.4271135611 0.0183333333 0.3545454545
2.4308325607 0.0183333333 0.3556818182
2.4338515272 0.0183333333 0.3568181818
2.4446867471 0.0183333333 0.3579545455
2.4892835804 0.0183333333 0.3590909091
2.4993134141 0.0200000000 0.3590909091
2.5142373784 0.0200000000 0.3602272727
2.5272263706 0.0200000000 0.3613636364
2.5276831803 0.0200000000 0.3625000000
2.5724649412 0.0200000000 0.3636363636
2.5868879028 0.0200000000 0.3647727273
2.5879108963 0.0200000000 0.3659090909
2.6201970284 0.0200000000 0.3670454545
2.6279265040 0.0200000000 0.3681818182
2.6301197738 0.0200000000 0.3693181818
2.6686640354 0.0200000000 0.3704545455
2.6731712994 0.0200000000 0.3715909091
2.6733089199 0.0200000000 0.3727272727
2.7016990714 0.0200000000 0.3738636364
2.7144761438 0.0200000000 0.3750000000
2.7182120428 0.0200000000 0.3761363636
2.7194432768 0.0200000000 0.3772727273
2.7273114421 0.0200000000 0.3784090909
2.7666404543 0.0200000000 0.3795454545
2.7691604286 0.0216666667 0.3795454545
2.7774876971 0.0216666667 0.3806818182
2.7809442651 0.0216666667 0.3818181818
2.7844342968 0.0216666667 0.3829545455
2.7847989458 0.0216666667 0.3840909091
2.7851920148 0.0216666667 0.3852272727
2.7862023370 0.0216666667 0.3863636364
2.7934618395 0.0216666667 0.3875000000
2.7937009545 0.0216666667 0.3886363636
2.7939832209 0.0216666667 0.3897727273
2.8156886182 0.0216666667 0.3909090909
2.8197352860 0.0233333333 0.3909090909
2.8288496166 0.0233333333 0.3920454545
2.8575080187 0.0233333333 0.3931818182
2.8875101494 0.0233333333 0.3943181818
2.9419578747 0.0250000000 0.3943181818
2.9887100496 0.0250000000 0.3954545455
2.9911930279 0.0250000000 0.3965909091
3.0140915732 0.0250000000 0.3977272727
3.0260818758 0.0250000000 0.3988636364
3.0681111760 0.0250000000 0.4000000000
3.0847895252 0.0250000000 0.4011363636
3.0911482375 0.0266666667 0.4011363636
3.0970947459 0.0266666667 0.4022727273
3.1048682165 0.0266666667 0.4034090909
3.1063203218 0.0266666667 0.4045454545
3.1398755476 0.0266666667 0.4056818182
3.1543624071 0.0266666667 0.4068181818
3.1557172408 0.0266666667 0.4079545455
3.1798571394 0.0266666667 0.4090909091
3.1819453653 0.0266666667 0.4102272727
3.2352070707 0.0266666667 0.4113636364
3.2593053262 0.0266666667 0.4125000000
3.2597515722 0.0266666667 0.4136363636
3.2718258257 0.0283333333 0.4136363636
3.3069745747 0.0283333333 0.4147727273
3.3206394341 0.0283333333 0.4159090909
3.3450639791 0.0283333333 0.4170454545
3.3749595135 0.0283333333 0.4181818182
3.3797625373 0.0283333333 0.4193181818
3.3939971257 0.0283333333 0.4204545455
3.4148899331 0.0283333333 0.4215909091
3.4480855609 0.0283333333 0.4227272727
3.4552569388 0.0283333333 0.4238636364
3.4873226047 0.0283333333 0.4250000000
3.4949688315 0.0283333333 0.4261363636
3.5174158424 0.0283333333 0.4272727273
3.5193286217 0.0283333333 0.4284090909
3.5299106013 0.0283333333 0.4295454545
3.5373653407 0.0283333333 0.4306818182
3.5800922695 0.0300000000 0.4306818182
3.5985237751 0.0300000000 0.4318181818
3.6503195138 0.0300000000 0.4329545455
3.6913074910 0.0300000000 0.4340909091
3.7440497897 0.0300000000 0.4352272727
3.7531867974 0.0300000000 0.4363636364
3.7656037254 0.0300000000 0.4375000000
3.7869283055 0.0300000000 0.4386363636
3.7954815605 0.0316666667 0.4386363636
3.8162161567 0.0316666667 0.4397727273
3.8267921935 0.0333333333 0.4397727273
3.8293142251 0.0333333333 0.4409090909
3.8916547415 0.0350000000 0.4409090909
3.9203428906 0.0366666667 0.4409090909
3.9282234450 0.0366666667 0.4420454545
4.0302274008 0.0366666667 0.4431818182
4.1619426830 0.0366666667 0.4443181818
4.1931959006 0.0383333333 0.4443181818
4.2020057568 0.0400000000 0.4443181818
4.2208545280 0.0400000000 0.4454545455
4.2209070057 0.0400000000 0.4465909091
4.2917152507 0.0400000000 0.4477272727
4.3075839414 0.0400000000 0.4488636364
4.3399670673 0.0400000000 0.4500000000
4.3633041632 0.0400000000 0.4511363636
4.4185591290 0.0400000000 0.4522727273
4.4271857833 0.0400000000 0.4534090909
4.4843690638 0.0416666667 0.4534090909
4.4860373103 0.0416666667 0.4545454545
4.5104410194 0.0416666667 0.4556818182
4.5361075647 0.0416666667 0.4568181818
4.5764165813 0.0416666667 0.4579545455
4.5907755099 0.0433333333 0.4579545455
4.6013285742 0.0433333333 0.4590909091
4.6018204448 0.0433333333 0.4602272727
4.6075448629 0.0433333333 0.4613636364
4.6109036619 0.0433333333 0.4625000000
4.6137318854 0.0433333333 0.4636363636
4.6187443544 0.0433333333 0.4647727273
4.6337618956 0.0433333333 0.4659090909
4.7097769619 0.0433333333 0.4670454545
4.7152095713 0.0433333333 0.4681818182
4.7642243852 0.0433333333 0.4693181818
4.7721532453 0.0433333333 0.4704545455
4.7913431770 0.0433333333 0.4715909091
4.7930948477 0.0433333333 0.4727272727
4.8211269026 0.0450000000 0.4727272727
4.8408444541 0.0450000000 0.4738636364
4.8477315155 0.0450000000 0.4750000000
4.8730428667 0.0466666667 0.4750000000
4.8812888785 0.0466666667 0.4761363636
4.9125747631 0.0483333333 0.4761363636
5.0080409891 0.0483333333 0.4772727273
5.0303864004 0.0483333333 0.4784090909
5.0316402899 0.0500000000 0.4784090909
5.0839147624 0.0500000000 0.4795454545
5.1139794501 0.0500000000 0.4806818182
5.1178777714 0.0516666667 0.4806818182
5.1309328911 0.0516666667 0.4818181818
5.1612314354 0.0516666667 0.4829545455
5.1631042224 0.0516666667 0.4840909091
5.1639554023 0.0533333333 0.4840909091
5.2140027334 0.0533333333 0.4852272727
5.2209957309 0.0533333333 0.4863636364
5.2562599473 0.0533333333 0.4875000000
5.2622389986 0.0533333333 0.4886363636
5.2728735176 0.0533333333 0.4897727273
5.3018413034 0.0533333333 0.4909090909
5.3028415687 0.0533333333 0.4920454545
5.3224440822 0.0550000000 0.4920454545
5.3569384127 0.0550000000 0.4931818182
5.4076918392 0.0550000000 0.4943181818
5.4200919475 0.0550000000 0.4954545455
5.4222468033 0.0550000000 0.4965909091
5.4238634613 0.0550000000 0.4977272727
5.4304866423 0.0550000000 0.4988636364
5.5360009561 0.0550000000 0.5000000000
5.5726370237 0.0550000000 0.5011363636
5.5855574132 0.0550000000 0.5022727273
5.6060700821 0.0550000000 0.5034090909
5.6211921053 0.0566666667 0.5034090909
5.6264187718 0.0566666667 0.5045454545
5.7253504849 0.0566666667 0.5056818182
5.7974759590 0.0566666667 0.5068181818
5.8119995494 0.0566666667 0.5079545455
5.9039614833 0.0566666667 0.5090909091
5.9297410688 0.0566666667 0.5102272727
5.9330086987 0.0566666667 0.5113636364
6.0200751441 0.0583333333 0.5113636364
6.0205208405 0.0600000000 0.5113636364
6.0612152214 0.0600000000 0.5125000000
6.0776488237 0.0616666667 0.5125000000
6.0862130203 0.0616666667 0.5136363636
6.0980080913 0.0616666667 0.5147727273
6.1186746615 0.0633333333 0.5147727273
6.1307564467 0.0633333333 0.5159090909
6.1444736343 0.0650000000 0.5159090909
6.1776276975 0.0650000000 0.5170454545
6.1884613031 0.0650000000 0.5181818182
6.2040258192 0.0650000000 0.5193181818
6.2057870158 0.0666666667 0.5193181818
6.2289377607 0.0666666667 0.5204545455
6.2583703277 0.0666666667 0.5215909091
6.4380572408 0.0666666667 0.5227272727
6.4457633358 0.0666666667 0.5238636364
6.5015052461 0.0666666667 0.5250000000
6.5083780439 0.0683333333 0.5250000000
6.6259696030 0.0683333333 0.5261363636
6.6451386949 0.0683333333 0.5272727273
6.6532674358 0.0683333333 0.5284090909
6.7073503701 0.0683333333 0.5295454545
6.7133192127 0.0683333333 0.5306818182
6.7225512165 0.0683333333 0.5318181818
6.7297834232 0.0683333333 0.5329545455
6.7976852526 0.0683333333 0.5340909091
6.8255449867 0.0700000000 0.5340909091
6.8339504794 0.0700000000 0.5352272727
6.8752399295 0.0700000000 0.5363636364
7.0873617338 0.0700000000 0.5375000000
7.0963619967 0.0700000000 0.5386363636
7.1819179954 0.0700000000 0.5397727273
7.2178670391 0.0700000000 0.5409090909
7.2600176936 0.0716666667 0.5409090909
7.2680430323 0.0716666667 0.5420454545
7.3339291435 0.0733333333 0.5420454545
7.3465823750 0.0733333333 0.5431818182
7.3706423321 0.0733333333 0.5443181818
7.3841627859 0.0733333333 0.5454545455
7.3931402296 0.0733333333 0.5465909091
7.4112768713 0.0733333333 0.5477272727
7.4853866836 0.0733333333 0.5488636364
7.7148414025 0.0733333333 0.5500000000
7.7157574279 0.0733333333 0.5511363636
7.7346843270 0.0750000000 0.5511363636
7.7783932834 0.0766666667 0.5511363636
7.8097721316 0.0783333333 0.5511363636
7.8121118660 0.0783333333 0.5522727273
7.8973880021 0.0783333333 0.5534090909
7.9476844209 0.0783333333 0.5545454545
7.9890796551 0.0783333333 0.5556818182
7.9978370459 0.0783333333 0.5568181818
8.0280417806 0.0783333333 0.5579545455
8.1061896557 0.0783333333 0.5590909091
8.1402291517 0.0783333333 0.5602272727
8.2089898532 0.0800000000 0.5602272727
8.2092646304 0.0800000000 0.5613636364
8.2688267273 0.0800000000 0.5625000000
8.3040407025 0.0816666667 0.5625000000
8.3992700568 0.0816666667 0.5636363636
8.4354853651 0.0833333333 0.5636363636
8.4731021414 0.0850000000 0.5636363636
8.4944874507 0.0850000000 0.5647727273
8.5027347017 0.0850000000 0.5659090909
8.5175675037 0.0850000000 0.5670454545
8.6652283268 0.0866666667 0.5670454545
8.7198828037 0.0866666667 0.5681818182
8.7387874405 0.0866666667 0.5693181818
8.7648687459 0.0866666667 0.5704545455
8.8001439735 0.0866666667 0.5715909091
8.8066995897 0.0883333333 0.5715909091
8.8427845166 0.0883333333 0.5727272727
8.8587313930 0.0883333333 0.5738636364
8.8759482388 0.0900000000 0.5738636364
8.8855979647 0.0900000000 0.5750000000
8.8982325179 0.0916666667 0.5750000000
8.9977122402 0.0933333333 0.5750000000
9.0331490832 0.0933333333 0.5761363636
9.0394137375 0.0933333333 0.5772727273
9.0566838762 0.0933333333 0.5784090909
9.0719841038 0.0950000000 0.5784090909
9.1290707677 0.0966666667 0.5784090909
9.1498391212 0.0983333333 0.5784090909
9.1544185802 0.0983333333 0.5795454545
9.1632240297 0.1000000000 0.5795454545
9.1653542689 0.1000000000 0.5806818182
9.1819455437 0.1016666667 0.5806818182
9.1827285405 0.1016666667 0.5818181818
9.1866296103 0.1016666667 0.5829545455
9.1944636004 0.1016666667 0.5840909091
9.2116526022 0.1016666667 0.5852272727
9.2274546069 0.1033333333 0.5852272727
9.2494085148 0.1033333333 0.5863636364
9.3371522847 0.1050000000 0.5863636364
9.3461577627 0.1050000000 0.5875000000
9.4120470792 0.1050000000 0.5886363636
9.4129066126 0.1066666667 0.5886363636
9.4297955243 0.1083333333 0.5886363636
9.4644910802 0.1083333333 0.5897727273
9.4900397627 0.1100000000 0.5897727273
9.4983374206 0.1100000000 0.5909090909
9.5216344355 0.1100000000 0.5920454545
9.5488483270 0.1100000000 0.5931818182
9.6500665332 0.1116666667 0.5931818182
9.6640650976 0.1116666667 0.5943181818
9.6690176491 0.1133333333 0.5943181818
9.6950205528 0.1150000000 0.5943181818
9.7061357544 0.1166666667 0.5943181818
9.7081445353 0.1183333333 0.5943181818
9.7554275783 0.1183333333 0.5954545455
9.7875129466 0.1200000000 0.5954545455
9.8900848246 0.1216666667 0.5954545455
9.9120840157 0.1216666667 0.5965909091
9.9313043114 0.1233333333 0.5965909091
9.9333801724 0.1233333333 0.5977272727
9.9413492539 0.1233333333 0.5988636364
9.9933153966 0.1233333333 0.6000000000
10.0231709586 0.1250000000 0.6000000000
10.0322018572 0.1250000000 0.6011363636
10.0740267657 0.1266666667 0.6011363636
10.1016310004 0.1283333333 0.6011363636
10.1593830853 0.1283333333 0.6022727273
10.1684004373 0.1283333333 0.6034090909
10.1813086174 0.1283333333 0.6045454545
10.2025299726 0.1283333333 0.6056818182
10.2045670674 0.1283333333 0.6068181818
10.2181499802 0.1283333333 0.6079545455
10.3017018102 0.1283333333 0.6090909091
10.3429221022 0.1283333333 0.6102272727
10.3460198246 0.1300000000 0.6102272727
10.3464730435 0.1316666667 0.6102272727
10.3513508464 0.1316666667 0.6113636364
10.4244202510 0.1316666667 0.6125000000
10.4832822074 0.1316666667 0.6136363636
10.4959396330 0.1316666667 0.6147727273
10.5507134645 0.1333333333 0.6147727273
10.5725164882 0.1333333333 0.6159090909
10.5752198292 0.1333333333 0.6170454545
10.6337346467 0.1333333333 0.6181818182
10.7005630042 0.1350000000 0.6181818182
10.7227485951 0.1350000000 0.6193181818
10.7302481028 0.1350000000 0.6204545455
10.7341275031 0.1350000000 0.6215909091
10.7586598540 0.1350000000 0.6227272727
10.7653409362 0.1366666667 0.6227272727
10.8162125697 0.1366666667 0.6238636364
10.9101483001 0.1366666667 0.6250000000
10.9342241906 0.1383333333 0.6250000000
10.9581945325 0.1400000000 0.6250000000
10.9866865382 0.1400000000 0.6261363636
10.9956008741 0.1400000000 0.6272727273
11.0392660272 0.1400000000 0.6284090909
11.0454868748 0.1400000000 0.6295454545
11.0491211599 0.1400000000 0.6306818182
11.0786805947 0.1400000000 0.6318181818
11.1300346908 0.1400000000 0.6329545455
11.1804589600 0.1400000000 0.6340909091
11.1843964232 0.1416666667 0.6340909091
11.2114882829 0.1416666667 0.6352272727
11.2919326928 0.1433333333 0.6352272727
11.3356536694 0.1433333333 0.6363636364
11.3423129775 0.1433333333 0.6375000000
11.3697331229 0.1450000000 0.6375000000
11.4025511702 0.1450000000 0.6386363636
11.4075050073 0.1450000000 0.6397727273
11.4673385388 0.1450000000 0.6409090909
11.4900209249 0.1466666667 0.6409090909
11.4982570706 0.1483333333 0.6409090909
11.5312650675 0.1483333333 0.6420454545
11.5478547472 0.1483333333 0.6431818182
11.6714286138 0.1500000000 0.6431818182
11.6980443627 0.1500000000 0.6443181818
11.7150234886 0.1516666667 0.6443181818
11.7379836601 0.1516666667 0.6454545455
11.7412435687 0.1516666667 0.6465909091
11.7431105641 0.1516666667 0.6477272727
11.7934028220 0.1516666667 0.6488636364
11.8437457127 0.1533333333 0.6488636364
11.8461104349 0.1550000000 0.6488636364
11.8694063855 0.1550000000 0.6500000000
11.8917475286 0.1566666667 0.6500000000
11.9611851489 0.1583333333 0.6500000000
11.9666593438 0.1600000000 0.6500000000
11.9858156756 0.1600000000 0.6511363636
12.1183735020 0.1600000000 0.6522727273
12.1346194702 0.1600000000 0.6534090909
12.1392138289 0.1616666667 0.6534090909
12.2198842194 0.1633333333 0.6534090909
12.2233117591 0.1633333333 0.6545454545
12.2260149821 0.1633333333 0.6556818182
12.2388622052 0.1650000000 0.6556818182
12.2558000929 0.1666666667 0.6556818182
12.2891338072 0.1683333333 0.6556818182
12.2934922411 0.1683333333 0.6568181818
12.3521168053 0.1683333333 0.6579545455
12.3581143279 0.1700000000 0.6579545455
12.3918692662 0.1700000000 0.6590909091
12.4257825878 0.1716666667 0.6590909091
12.4395554686 0.1733333333 0.6590909091
12.4610923578 0.1733333333 0.6602272727
12.4941274531 0.1733333333 0.6613636364
12.5572386800 0.1733333333 0.6625000000
12.5773283135 0.1750000000 0.6625000000
12.5808317576 0.1766666667 0.6625000000
12.6224364964 0.1766666667 0.6636363636
12.6639387500 0.1766666667 0.6647727273
12.7253126258 0.1766666667 0.6659090909
12.7312253779 0.1783333333 0.6659090909
12.7558074845 0.1783333333 0.6670454545
12.8132240556 0.1783333333 0.6681818182
12.8892765325 0.1783333333 0.6693181818
12.9146375241 0.1783333333 0.6704545455
12.9271065982 0.1783333333 0.6715909091
12.9979984908 0.1800000000 0.6715909091
13.0103159754 0.1800000000 0.6727272727
13.0541803373 0.1800000000 0.6738636364
13.0554501160 0.1800000000 0.6750000000
13.1066340457 0.1800000000 0.6761363636
13.1295601363 0.1800000000 0.6772727273
13.3155526925 0.1816666667 0.6772727273
13.3324865400 0.1816666667 0.6784090909
13.3657800095 0.1833333333 0.6784090909
13.3696977942 0.1850000000 0.6784090909
13.3822730921 0.1850000000 0.6795454545
13.4233653155 0.1866666667 0.6795454545
13.4487095040 0.1866666667 0.6806818182
13.4633603446 0.1866666667 0.6818181818
13.4846405541 0.1883333333 0.6818181818
13.5103110140 0.1883333333 0.6829545455
13.5129298248 0.1883333333 0.6840909091
13.5562159582 0.1900000000 0.6840909091
13.5580322916 0.1916666667 0.6840909091
13.5609779879 0.1933333333 0.6840909091
13.6055721409 0.1933333333 0.6852272727
13.6118761777 0.1950000000 0.6852272727
13.7348210941 0.1950000000 0.6863636364
13.7754233566 0.1950000000 0.6875000000
13.7790475603 0.1966666667 0.6875000000
13.7952012281 0.1966666667 0.6886363636
13.8146139956 0.1966666667 0.6897727273
13.8171532545 0.1983333333 0.6897727273
13.8292528545 0.1983333333 0.6909090909
13.9182369889 0.1983333333 0.6920454545
13.9376508564 0.2000000000 0.6920454545
13.9693764216 0.2016666667 0.6920454545
14.0013531821 0.2016666667 0.6931818182
14.0782784588 0.2016666667 0.6943181818
14.0790445400 0.2016666667 0.6954545455
14.1190912909 0.2033333333 0.6954545455
14.1582890371 0.2033333333 0.6965909091
14.1949444198 0.2050000000 0.6965909091
14.2481662177 0.2050000000 0.6977272727
14.2482886054 0.2050000000 0.6988636364
14.2596066063 0.2050000000 0.7000000000
14.2652326329 0.2066666667 0.7000000000
14.2875511098 0.2066666667 0.7011363636
14.3235140340 0.2066666667 0.7022727273
14.3433756238 0.2083333333 0.7022727273
14.3434952260 0.2083333333 0.7034090909
14.4585751164 0.2100000000 0.7034090909
14.4748230119 0.2100000000 0.7045454545
14.5032009986 0.2100000000 0.7056818182
14.5697403050 0.2100000000 0.7068181818
14.5949576636 0.2116666667 0.7068181818
14.6508819069 0.2133333333 0.7068181818
14.6573964735 0.2133333333 0.7079545455
14.6785618028 0.2133333333 0.7090909091
14.7162136113 0.2150000000 0.7090909091
14.8020847941 0.2150000000 0.7102272727
14.8211213700 0.2166666667 0.7102272727
14.8279434346 0.2166666667 0.7113636364
14.8429828485 0.2166666667 0.7125000000
14.8430543782 0.2183333333 0.7125000000
14.8727059855 0.2183333333 0.7136363636
14.9110923834 0.2200000000 0.7136363636
14.9297669357 0.2200000000 0.7147727273
14.9341915855 0.2216666667 0.7147727273
14.9732276572 0.2233333333 0.7147727273
15.0930480390 0.2233333333 0.7159090909
15.0983530335 0.2233333333 0.7170454545
15.1254146562 0.2250000000 0.7170454545
15.2341482713 0.2250000000 0.7181818182
15.3068717986 0.2266666667 0.7181818182
15.3103497185 0.2266666667 0.7193181818
15.3252730442 0.2266666667 0.7204545455
15.3302732998 0.2283333333 0.7204545455
15.3704812686 0.2283333333 0.7215909091
15.3868544684 0.2283333333 0.7227272727
15.4853033587 0.2300000000 0.7227272727
15.4922934926 0.2316666667 0.7227272727
15.4928143503 0.2333333333 0.7227272727
15.5679006408 0.2350000000 0.7227272727
15.5982443960 0.2366666667 0.7227272727
15.6137675282 0.2366666667 0.7238636364
15.6675083722 0.2383333333 0.7238636364
15.6676221172 0.2400000000 0.7238636364
15.7535066218 0.2416666667 0.7238636364
15.7546492706 0.2416666667 0.7250000000
15.7691190740 0.2433333333 0.7250000000
15.9045364789 0.2433333333 0.7261363636
15.9257971150 0.2450000000 0.7261363636
15.9563315219 0.2466666667 0.7261363636
16.0039784399 0.2466666667 0.7272727273
16.0576946749 0.2483333333 0.7272727273
16.1172743236 0.2500000000 0.7272727273
16.1280491128 0.2500000000 0.7284090909
16.1621547232 0.2516666667 0.7284090909
16.2894388351 0.2533333333 0.7284090909
16.3056810313 0.2550000000 0.7284090909
16.3106805427 0.2566666667 0.7284090909
16.3225034907 0.2566666667 0.7295454545
16.3249126968 0.2566666667 0.7306818182
16.3295045756 0.2583333333 0.7306818182
16.3388729879 0.2600000000 0.7306818182
16.3763107043 0.2600000000 0.7318181818
16.4027403225 0.2600000000 0.7329545455
16.4411456231 0.2600000000 0.7340909091
16.4653883753 0.2616666667 0.7340909091
16.4747374862 0.2633333333 0.7340909091
16.4869337450 0.2650000000 0.7340909091
16.5059576772 0.2650000000 0.7352272727
16.5158538508 0.2650000000 0.7363636364
16.5302303007 0.2650000000 0.7375000000
16.5432314943 0.2650000000 0.7386363636
16.5465022092 0.2666666667 0.7386363636
16.5589030410 0.2666666667 0.7397727273
16.5627247912 0.2666666667 0.7409090909
16.5706899775 0.2683333333 0.7409090909
16.5712716443 0.2700000000 0.7409090909
16.5832826795 0.2700000000 0.7420454545
16.6132921025 0.2716666667 0.7420454545
16.6227495103 0.2716666667 0.7431818182
16.6382582386 0.2716666667 0.7443181818
16.6432654664 0.2716666667 0.7454545455
16.8090737770 0.2733333333 0.7454545455
16.9778456093 0.2733333333 0.7465909091
17.0308619554 0.2733333333 0.7477272727
17.0968999506 0.2733333333 0.7488636364
17.1083768959 0.2750000000 0.7488636364
17.1351688826 0.2766666667 0.7488636364
17.1637554116 0.2766666667 0.7500000000
17.2518363455 0.2766666667 0.7511363636
17.2819726654 0.2766666667 0.7522727273
17.3212337534 0.2766666667 0.7534090909
17.3903380442 0.2766666667 0.7545454545
17.3992803177 0.2783333333 0.7545454545
17.4103150763 0.2800000000 0.7545454545
17.4179885662 0.2800000000 0.7556818182
17.4919395675 0.2800000000 0.7568181818
17.5675157683 0.2800000000 0.7579545455
17.5856910852 0.2816666667 0.7579545455
17.6015379635 0.2816666667 0.7590909091
17.6147510557 0.2833333333 0.7590909091
17.6873458603 0.2850000000 0.7590909091
17.7177144368 0.2866666667 0.7590909091
17.7280505268 0.2866666667 0.7602272727
17.7635620140 0.2866666667 0.7613636364
17.7881013654 0.2866666667 0.7625000000
17.8156017029 0.2883333333 0.7625000000
17.8406368675 0.2883333333 0.7636363636
17.8477975356 0.2883333333 0.7647727273
17.9291539936 0.2900000000 0.7647727273
17.9725651171 0.2900000000 0.7659090909
17.9943345134 0.2916666667 0.7659090909
18.0515487828 0.2933333333 0.7659090909
18.0661443393 0.2933333333 0.7670454545
18.1108844108 0.2950000000 0.7670454545
18.1644430089 0.2966666667 0.7670454545
18.2905579204 0.2983333333 0.7670454545
18.3067156335 0.2983333333 0.7681818182
18.3534124704 0.2983333333 0.7693181818
18.3621524683 0.2983333333 0.7704545455
18.4012984440 0.2983333333 0.7715909091
18.4359116474 0.3000000000 0.7715909091
18.4462781894 0.3016666667 0.7715909091
18.4683685658 0.3016666667 0.7727272727
18.5873863200 0.3016666667 0.7738636364
18.6179463776 0.3033333333 0.7738636364
18.6685787556 0.3050000000 0.7738636364
18.7000505139 0.3050000000 0.7750000000
18.7096322003 0.3050000000 0.7761363636
18.7128233403 0.3066666667 0.7761363636
18.7362123665 0.3066666667 0.7772727273
18.7513922241 0.3083333333 0.7772727273
18.7905807672 0.3083333333 0.7784090909
18.8348683284 0.3083333333 0.7795454545
18.8526994511 0.3100000000 0.7795454545
18.8907456422 0.3100000000 0.7806818182
18.9751341684 0.3116666667 0.7806818182
19.0856217820 0.3116666667 0.7818181818
19.0867248725 0.3133333333 0.7818181818
19.1057804629 0.3150000000 0.7818181818
19.1621037562 0.3166666667 0.7818181818
19.1879494616 0.3166666667 0.7829545455
19.2106503873 0.3166666667 0.7840909091
19.2140989463 0.3183333333 0.7840909091
19.2166920190 0.3183333333 0.7852272727
19.2571983581 0.3200000000 0.7852272727
19.2940202867 0.3200000000 0.7863636364
19.3920593171 0.3216666667 0.7863636364
19.4241173886 0.3216666667 0.7875000000
19.4757015960 0.3216666667 0.7886363636
19.5144160406 0.3216666667 0.7897727273
19.5319476045 0.3233333333 0.7897727273
19.5512374982 0.3250000000 0.7897727273
19.5524004058 0.3266666667 0.7897727273
19.6415482285 0.3283333333 0.7897727273
19.6557482203 0.3283333333 0.7909090909
19.7251426834 0.3283333333 0.7920454545
19.7956269988 0.3300000000 0.7920454545
19.8043052503 0.3300000000 0.7931818182
19.8043888096 0.3300000000 0.7943181818
19.8235066169 0.3316666667 0.7943181818
19.8516158084 0.3333333333 0.7943181818
19.8823986803 0.3333333333 0.7954545455
19.9263638663 0.3350000000 0.7954545455
19.9557103912 0.3366666667 0.7954545455
20.1342369111 0.3366666667 0.7965909091
20.2324622975 0.3366666667 0.7977272727
20.2552444886 0.3366666667 0.7988636364
20.2611843164 0.3383333333 0.7988636364
20.2867322371 0.3383333333 0.8000000000
20.3108099955 0.3383333333 0.8011363636
20.4768518280 0.3383333333 0.8022727273
20.4866554699 0.3383333333 0.8034090909
20.5561274690 0.3400000000 0.8034090909
20.5978661923 0.3416666667 0.8034090909
20.6447230758 0.3416666667 0.8045454545
20.6655791982 0.3433333333 0.8045454545
20.8452842347 0.3433333333 0.8056818182
20.9224675922 0.3450000000 0.8056818182
20.9238859006 0.3466666667 0.8056818182
20.9709801100 0.3483333333 0.8056818182
20.9749604666 0.3483333333 0.8068181818
20.9995532392 0.3483333333 0.8079545455
21.0387886192 0.3483333333 0.8090909091
21.0491747258 0.3500000000 0.8090909091
21.0523247983 0.3500000000 0.8102272727
21.0685258243 0.3516666667 0.8102272727
21.0801855564 0.3516666667 0.8113636364
21.1085887905 0.3533333333 0.8113636364
21.1963019029 0.3533333333 0.8125000000
21.2273966555 0.3533333333 0.8136363636
21.2476570906 0.3550000000 0.8136363636
21.2709682743 0.3566666667 0.8136363636
21.3201569126 0.3583333333 0.8136363636
21.3502967759 0.3583333333 0.8147727273
21.3847334699 0.3583333333 0.8159090909
21.4968359921 0.3600000000 0.8159090909
21.6983014191 0.3600000000 0.8170454545
21.7122007762 0.3616666667 0.8170454545
21.7251535539 0.3633333333 0.8170454545
21.7344560076 0.3633333333 0.8181818182
21.7602060716 0.3650000000 0.8181818182
21.7893539149 0.3650000000 0.8193181818
21.9360178286 0.3650000000 0.8204545455
22.0520086071 0.3650000000 0.8215909091
22.0840816243 0.3650000000 0.8227272727
22.1236868232 0.3650000000 0.8238636364
22.1494657301 0.3666666667 0.8238636364
22.2211062429 0.3666666667 0.8250000000
22.3023657297 0.3666666667 0.8261363636
22.4121955201 0.3666666667 0.8272727273
22.4253030840 0.3683333333 0.8272727273
22.5341158479 0.3700000000 0.8272727273
22.5604778655 0.3716666667 0.8272727273
22.5837057613 0.3733333333 0.8272727273
22.6265683351 0.3750000000 0.8272727273
22.6585975536 0.3766666667 0.8272727273
22.6933808622 0.3783333333 0.8272727273
22.7423210380 0.3800000000 0.8272727273
22.8162703655 0.3816666667 0.8272727273
22.9694265788 0.3833333333 0.8272727273
23.0468647170 0.3850000000 0.8272727273
23.2037161876 0.3866666667 0.8272727273
23.2201042480 0.3883333333 0.8272727273
23.3046527572 0.3900000000 0.8272727273
23.3228242599 0.3916666667 0.8272727273
23.3552211101 0.3916666667 0.8284090909
23.3905405228 0.3916666667 0.8295454545
23.3929378542 0.3933333333 0.8295454545
23.4200032854 0.3950000000 0.8295454545
23.5294189646 0.3966666667 0.8295454545
23.5346177109 0.3983333333 0.8295454545
23.5459633439 0.4000000000 0.8295454545
23.6017991837 0.4000000000 0.8306818182
23.6181501670 0.4016666667 0.8306818182
23.6252923728 0.4016666667 0.8318181818
23.7141239840 0.4033333333 0.8318181818
23.7665652651 0.4033333333 0.8329545455
23.7883963812 0.4050000000 0.8329545455
23.8180248331 0.4066666667 0.8329545455
23.8946523092 0.4083333333 0.8329545455
24.0715599986 0.4100000000 0.8329545455
24.3012550103 0.4116666667 0.8329545455
24.3043766165 0.4133333333 0.8329545455
24.3954988597 0.4133333333 0.8340909091
24.3970561184 0.4133333333 0.8352272727
24.4111617150 0.4150000000 0.8352272727
24.4599753410 0.4166666667 0.8352272727
24.4925863281 0.4183333333 0.8352272727
24.5355622155 0.4200000000 0.8352272727
24.5675413924 0.4216666667 0.8352272727
24.6536605416 0.4233333333 0.8352272727
24.7165525892 0.4233333333 0.8363636364
24.7260516154 0.4233333333 0.8375000000
24.8422565210 0.4250000000 0.8375000000
24.8527689232 0.4250000000 0.8386363636
24.9087891396 0.4250000000 0.8397727273
24.9401086955 0.4266666667 0.8397727273
24.9480480911 0.4283333333 0.8397727273
24.9999601355 0.4283333333 0.8409090909
25.0034547339 0.4283333333 0.8420454545
25.1388722151 0.4283333333 0.8431818182
25.2636255723 0.4300000000 0.8431818182
25.3195569180 0.4300000000 0.8443181818
25.3780845175 0.4300000000 0.8454545455
25.4111246903 0.4316666667 0.8454545455
25.4390890167 0.4316666667 0.8465909091
25.4594573780 0.4333333333 0.8465909091
25.4758939734 0.4350000000 0.8465909091
25.5061289187 0.4350000000 0.8477272727
25.5174224766 0.4366666667 0.8477272727
25.5247567106 0.4366666667 0.8488636364
25.7307126131 0.4366666667 0.8500000000
25.7537578870 0.4383333333 0.8500000000
25.7543750899 0.4383333333 0.8511363636
25.8554733319 0.4400000000 0.8511363636
25.8930179824 0.4400000000 0.8522727273
25.9011243762 0.4400000000 0.8534090909
25.9279289258 0.4400000000 0.8545454545
25.9715742597 0.4416666667 0.8545454545
25.9797234319 0.4433333333 0.8545454545
25.9939395313 0.4433333333 0.8556818182
26.0703376622 0.4433333333 0.8568181818
26.1590379430 0.4450000000 0.8568181818
26.2088091177 0.4466666667 0.8568181818
26.2344283935 0.4483333333 0.8568181818
26.2662287952 0.4483333333 0.8579545455
26.3442625397 0.4483333333 0.8590909091
26.3464924741 0.4483333333 0.8602272727
26.3540642564 0.4500000000 0.8602272727
26.3601812413 0.4516666667 0.8602272727
26.4866235453 0.4516666667 0.8613636364
26.5265843794 0.4516666667 0.8625000000
26.6794237753 0.4516666667 0.8636363636
26.7039937523 0.4533333333 0.8636363636
26.7124472535 0.4533333333 0.8647727273
26.7404451787 0.4533333333 0.8659090909
26.7545980633 0.4550000000 0.8659090909
26.7605758267 0.4566666667 0.8659090909
26.7653018502 0.4566666667 0.8670454545
26.8111007161 0.4583333333 0.8670454545
26.8924530145 0.4583333333 0.8681818182
26.9317615794 0.4583333333 0.8693181818
26.9763033747 0.4600000000 0.8693181818
27.0880969272 0.4616666667 0.8693181818
27.1093847707 0.4633333333 0.8693181818
27.1704362350 0.4650000000 0.8693181818
27.2328703918 0.4666666667 0.8693181818
27.3100978254 0.4683333333 0.8693181818
27.3442922834 0.4700000000 0.8693181818
27.3558606865 0.4716666667 0.8693181818
27.3740517571 0.4733333333 0.8693181818
27.4618350507 0.4733333333 0.8704545455
27.4660629953 0.4733333333 0.8715909091
27.4708622035 0.4750000000 0.8715909091
27.5084949510 0.4766666667 0.8715909091
27.5440800324 0.4783333333 0.8715909091
27.5450359933 0.4800000000 0.8715909091
27.5459587343 0.4816666667 0.8715909091
27.5493501164 0.4816666667 0.8727272727
27.5578651638 0.4833333333 0.8727272727
27.5855004146 0.4833333333 0.8738636364
27.5954623297 0.4833333333 0.8750000000
27.6595014936 0.4850000000 0.8750000000
27.7100560958 0.4866666667 0.8750000000
27.7322985615 0.4883333333 0.8750000000
27.7412221627 0.4883333333 0.8761363636
27.7617825003 0.4900000000 0.8761363636
27.7813093972 0.4900000000 0.8772727273
27.8262596049 0.4916666667 0.8772727273
27.8319859959 0.4933333333 0.8772727273
27.8546661268 0.4933333333 0.8784090909
27.8751245699 0.4933333333 0.8795454545
27.8759159850 0.4933333333 0.8806818182
27.9386802439 0.4950000000 0.8806818182
27.9631962336 0.4966666667 0.8806818182
28.0525075752 0.4983333333 0.8806818182
28.0606023945 0.5000000000 0.8806818182
28.1011177509 0.5000000000 0.8818181818
28.1150468000 0.5000000000 0.8829545455
28.1342042499 0.5016666667 0.8829545455
28.1396812983 0.5033333333 0.8829545455
28.2187360781 0.5050000000 0.8829545455
28.2527434428 0.5050000000 0.8840909091
28.2839456945 0.5050000000 0.8852272727
28.3360922666 0.5066666667 0.8852272727
28.3468769590 0.5083333333 0.8852272727
28.4110509098 0.5100000000 0.8852272727
28.4770693613 0.5116666667 0.8852272727
28.6188421519 0.5133333333 0.8852272727
28.6248659299 0.5133333333 0.8863636364
28.6780444401 0.5133333333 0.8875000000
28.7353259476 0.5133333333 0.8886363636
28.7503673179 0.5150000000 0.8886363636
28.7876806929 0.5166666667 0.8886363636
28.8870922426 0.5166666667 0.8897727273
28.9758053474 0.5166666667 0.8909090909
29.0002748819 0.5183333333 0.8909090909
29.0267354108 0.5200000000 0.8909090909
29.1210390243 0.5216666667 0.8909090909
29.2454302876 0.5216666667 0.8920454545
29.2482465582 0.5216666667 0.8931818182
29.2792778817 0.5216666667 0.8943181818
29.3004160191 0.5233333333 0.8943181818
29.3149037272 0.5250000000 0.8943181818
29.3247938429 0.5250000000 0.8954545455
29.4056335108 0.5250000000 0.8965909091
29.4543825353 0.5266666667 0.8965909091
29.5589640100 0.5283333333 0.8965909091
29.5897081402 0.5283333333 0.8977272727
29.6055349816 0.5283333333 0.8988636364
29.6448728567 0.5283333333 0.9000000000
29.6601079824 0.5283333333 0.9011363636
29.8489929244 0.5300000000 0.9011363636
29.8671425254 0.5300000000 0.9022727273
29.9074700188 0.5316666667 0.9022727273
30.0468320503 0.5333333333 0.9022727273
30.1191023947 0.5350000000 0.9022727273
30.1412312916 0.5366666667 0.9022727273
30.1484205485 0.5366666667 0.9034090909
30.1601998231 0.5366666667 0.9045454545
30.1615901019 0.5383333333 0.9045454545
30.2381671605 0.5400000000 0.9045454545
30.2806007408 0.5416666667 0.9045454545
30.2857037839 0.5416666667 0.9056818182
30.4506462599 0.5416666667 0.9068181818
30.5130552281 0.5433333333 0.9068181818
30.5139601103 0.5450000000 0.9068181818
30.5149316511 0.5450000000 0.9079545455
30.5674667159 0.5466666667 0.9079545455
30.6198179665 0.5483333333 0.9079545455
30.6680856814 0.5500000000 0.9079545455
30.7926115989 0.5500000000 0.9090909091
30.8017651077 0.5516666667 0.9090909091
30.8233422841 0.5533333333 0.9090909091
30.8346506923 0.5550000000 0.9090909091
31.0000656731 0.5566666667 0.9090909091
31.0259304841 0.5566666667 0.9102272727
31.0801455525 0.5566666667 0.9113636364
31.0901844906 0.5566666667 0.9125000000
31.2247351456 0.5566666667 0.9136363636
31.3000399090 0.5583333333 0.9136363636
31.3153970003 0.5600000000 0.9136363636
31.4806129587 0.5600000000 0.9147727273
31.4830999717 0.5600000000 0.9159090909
31.4836329690 0.5616666667 0.9159090909
31.5631651315 0.5633333333 0.9159090909
31.5807272254 0.5650000000 0.9159090909
31.6021903047 0.5666666667 0.9159090909
31.6589485681 0.5666666667 0.9170454545
31.7369707623 0.5666666667 0.9181818182
31.8012696427 0.5666666667 0.9193181818
31.8045932979 0.5683333333 0.9193181818
31.8070886447 0.5700000000 0.9193181818
31.8109236718 0.5716666667 0.9193181818
31.9002896335 0.5733333333 0.9193181818
31.9050355835 0.5750000000 0.9193181818
31.9403039631 0.5766666667 0.9193181818
31.9908555207 0.5766666667 0.9204545455
32.0277540080 0.5766666667 0.9215909091
32.0778052316 0.5783333333 0.9215909091
32.0928132880 0.5800000000 0.9215909091
32.1553458670 0.5800000000 0.9227272727
32.2360837357 0.5800000000 0.9238636364
32.2397529113 0.5800000000 0.9250000000
32.2478625077 0.5816666667 0.9250000000
32.3260579830 0.5833333333 0.9250000000
32.3380776480 0.5833333333 0.9261363636
32.3942497697 0.5850000000 0.9261363636
32.4026142483 0.5850000000 0.9272727273
32.4400383153 0.5866666667 0.9272727273
32.4962076576 0.5866666667 0.9284090909
32.5019783326 0.5883333333 0.9284090909
32.5286733665 0.5883333333 0.9295454545
32.6094556112 0.5900000000 0.9295454545
32.6463903619 0.5916666667 0.9295454545
32.6870173877 0.5933333333 0.9295454545
32.7388341367 0.5933333333 0.9306818182
32.7591815093 0.5950000000 0.9306818182
32.8969401743 0.5966666667 0.9306818182
32.9472978967 0.5966666667 0.9318181818
32.9952489283 0.5966666667 0.9329545455
33.0034072100 0.5966666667 0.9340909091
33.0552090136 0.5983333333 0.9340909091
33.0587481821 0.6000000000 0.9340909091
33.1337166806 0.6016666667 0.9340909091
33.2065894744 0.6016666667 0.9352272727
33.2485878360 0.6033333333 0.9352272727
33.2615079823 0.6050000000 0.9352272727
33.3035887997 0.6066666667 0.9352272727
33.3628797569 0.6083333333 0.9352272727
33.3747589994 0.6100000000 0.9352272727
33.4143291325 0.6116666667 0.9352272727
33.4460037799 0.6133333333 0.9352272727
33.4540792106 0.6133333333 0.9363636364
33.4834381809 0.6150000000 0.9363636364
33.5501273676 0.6166666667 0.9363636364
33.6190686258 0.6166666667 0.9375000000
33.6489157056 0.6183333333 0.9375000000
34.1911861739 0.6183333333 0.9386363636
34.2393970290 0.6200000000 0.9386363636
34.3468956095 0.6216666667 0.9386363636
34.4855292585 0.6216666667 0.9397727273
34.7860019306 0.6216666667 0.9409090909
34.9781624390 0.6216666667 0.9420454545
35.0571964818 0.6233333333 0.9420454545
35.1571114746 0.6250000000 0.9420454545
35.2966861473 0.6266666667 0.9420454545
35.3380850435 0.6283333333 0.9420454545
35.3528724496 0.6300000000 0.9420454545
35.3973966611 0.6300000000 0.9431818182
35.4763980280 0.6316666667 0.9431818182
35.5256759949 0.6316666667 0.9443181818
35.5333875511 0.6333333333 0.9443181818
35.5742329639 0.6333333333 0.9454545455
35.6179551061 0.6350000000 0.9454545455
35.6209854485 0.6350000000 0.9465909091
35.6342691119 0.6366666667 0.9465909091
35.6544779287 0.6366666667 0.9477272727
35.6701295117 0.6383333333 0.9477272727
35.7394558519 0.6383333333 0.9488636364
35.7936943340 0.6400000000 0.9488636364
35.8825529512 0.6416666667 0.9488636364
35.9161429469 0.6433333333 0.9488636364
35.9572884774 0.6450000000 0.9488636364
36.0419851611 0.6450000000 0.9500000000
36.0436245756 0.6466666667 0.9500000000
36.0509692657 0.6466666667 0.9511363636
36.1359734068 0.6466666667 0.9522727273
36.1564379811 0.6483333333 0.9522727273
36.2952474190 0.6500000000 0.9522727273
36.3014886577 0.6500000000 0.9534090909
36.4056569145 0.6516666667 0.9534090909
36.6120774294 0.6533333333 0.9534090909
36.6135440307 0.6550000000 0.9534090909
36.6289015164 0.6566666667 0.9534090909
36.6341159670 0.6583333333 0.9534090909
36.6470583822 0.6600000000 0.9534090909
36.6748206251 0.6600000000 0.9545454545
36.7102405665 0.6616666667 0.9545454545
36.7900730255 0.6616666667 0.9556818182
36.9457714628 0.6633333333 0.9556818182
37.0751043191 0.6633333333 0.9568181818
37.1360328816 0.6633333333 0.9579545455
37.1360825892 0.6633333333 0.9590909091
37.1853415713 0.6650000000 0.9590909091
37.2772678700 0.6666666667 0.9590909091
37.3088597713 0.6683333333 0.9590909091
37.4602506546 0.6700000000 0.9590909091
37.5068540491 0.6716666667 0.9590909091
37.6013376642 0.6716666667 0.9602272727
37.6340057053 0.6733333333 0.9602272727
37.6432601722 0.6733333333 0.9613636364
37.7884872808 0.6733333333 0.9625000000
38.0062544172 0.6750000000 0.9625000000
38.1136353895 0.6766666667 0.9625000000
38.1887760055 0.6783333333 0.9625000000
38.2572675201 0.6800000000 0.9625000000
38.2776868176 0.6800000000 0.9636363636
38.3052161889 0.6816666667 0.9636363636
38.3450966804 0.6816666667 0.9647727273
38.3979918836 0.6816666667 0.9659090909
38.5776616391 0.6816666667 0.9670454545
38.8988556305 0.6833333333 0.9670454545
38.9213199028 0.6850000000 0.9670454545
39.0663257792 0.6850000000 0.9681818182
39.1345038095 0.6866666667 0.9681818182
39.1361001116 0.6883333333 0.9681818182
39.3852950405 0.6900000000 0.9681818182
39.4011510304 0.6916666667 0.9681818182
39.4515712019 0.6933333333 0.9681818182
39.5403521080 0.6950000000 0.9681818182
39.6666019141 0.6950000000 0.9693181818
39.6729330619 0.6950000000 0.9704545455
39.7509407015 0.6966666667 0.9704545455
39.8088609229 0.6983333333 0.9704545455
39.8185990160 0.6983333333 0.9715909091
39.8389390393 0.6983333333 0.9727272727
39.8403853081 0.7000000000 0.9727272727
39.9621438780 0.7000000000 0.9738636364
39.9659521300 0.7016666667 0.9738636364
40.0152790122 0.7033333333 0.9738636364
40.0917604140 0.7050000000 0.9738636364
40.1324898073 0.7066666667 0.9738636364
40.1586712383 0.7083333333 0.9738636364
40.1617191559 0.7100000000 0.9738636364
40.2648207343 0.7116666667 0.9738636364
40.2722113532 0.7116666667 0.9750000000
40.5001857138 0.7133333333 0.9750000000
40.7502363526 0.7150000000 0.9750000000
40.7601578887 0.7166666667 0.9750000000
40.8492310625 0.7183333333 0.9750000000
40.8674938764 0.7200000000 0.9750000000
41.0406112129 0.7216666667 0.9750000000
41.1107076171 0.7233333333 0.9750000000
41.1489685912 0.7233333333 0.9761363636
41.3500578041 0.7250000000 0.9761363636
41.4211716287 0.7266666667 0.9761363636
41.4258577295 0.7266666667 0.9772727273
41.4656379342 0.7266666667 0.9784090909
41.4786360234 0.7266666667 0.9795454545
41.6803061002 0.7283333333 0.9795454545
41.8076132783 0.7300000000 0.9795454545
41.8534176718 0.7316666667 0.9795454545
41.8898253423 0.7333333333 0.9795454545
41.9676896393 0.7350000000 0.9795454545
42.0912020715 0.7366666667 0.9795454545
42.0959389112 0.7383333333 0.9795454545
42.1428127224 0.7383333333 0.9806818182
42.2564866120 0.7383333333 0.9818181818
42.2601339986 0.7400000000 0.9818181818
42.5399251427 0.7400000000 0.9829545455
42.8620856698 0.7416666667 0.9829545455
42.8699290274 0.7433333333 0.9829545455
42.8876972441 0.7433333333 0.9840909091
43.0100423021 0.7450000000 0.9840909091
43.0439034076 0.7466666667 0.9840909091
43.1463506161 0.7483333333 0.9840909091
43.3407333355 0.7500000000 0.9840909091
43.5329392566 0.7500000000 0.9852272727
43.5461707397 0.7516666667 0.9852272727
43.6141522901 0.7533333333 0.9852272727
43.7389031374 0.7533333333 0.9863636364
43.8347452809 0.7550000000 0.9863636364
43.8352301842 0.7566666667 0.9863636364
43.8506493149 0.7583333333 0.9863636364
44.1231292083 0.7600000000 0.9863636364
44.1300784229 0.7616666667 0.9863636364
44.2798843998 0.7633333333 0.9863636364
44.3414627172 0.7650000000 0.9863636364
44.3720282522 0.7666666667 0.9863636364
44.4785588450 0.7683333333 0.9863636364
44.5007956074 0.7700000000 0.9863636364
44.5360443981 0.7716666667 0.9863636364
44.6243267390 0.7733333333 0.9863636364
44.6413272943 0.7750000000 0.9863636364
44.6665906815 0.7766666667 0.9863636364
44.6792102854 0.7783333333 0.9863636364
44.8491535465 0.7800000000 0.9863636364
44.9548153878 0.7800000000 0.9875000000
44.9765909375 0.7816666667 0.9875000000
45.0361306628 0.7833333333 0.9875000000
45.1138328889 0.7850000000 0.9875000000
45.2630920621 0.7866666667 0.9875000000
45.3190133444 0.7883333333 0.9875000000
45.7338447805 0.7900000000 0.9875000000
45.8311474459 0.7916666667 0.9875000000
45.8526971713 0.7933333333 0.9875000000
45.9590789202 0.7950000000 0.9875000000
46.1240722805 0.7966666667 0.9875000000
46.1910437150 0.7966666667 0.9886363636
46.2151411785 0.7966666667 0.9897727273
46.2873882475 0.7983333333 0.9897727273
46.3488307199 0.7983333333 0.9909090909
46.4224999989 0.8000000000 0.9909090909
46.5567821812 0.8016666667 0.9909090909
46.9239700128 0.8016666667 0.9920454545
46.9914045962 0.8033333333 0.9920454545
47.0611964864 0.8050000000 0.9920454545
47.1720573302 0.8066666667 0.9920454545
47.3708457035 0.8083333333 0.9920454545
47.5005676899 0.8100000000 0.9920454545
47.6971448634 0.8116666667 0.9920454545
47.7154869487 0.8133333333 0.9920454545
47.7464852635 0.8133333333 0.9931818182
47.7663339003 0.8150000000 0.9931818182
47.9274358277 0.8166666667 0.9931818182
47.9312509150 0.8183333333 0.9931818182
48.0871084088 0.8183333333 0.9943181818
48.1175172366 0.8200000000 0.9943181818
48.5397455625 0.8216666667 0.9943181818
48.5491312279 0.8233333333 0.9943181818
48.6728606110 0.8233333333 0.9954545455
48.7608270523 0.8250000000 0.9954545455
48.7648188383 0.8266666667 0.9954545455
48.7748264084 0.8283333333 0.9954545455
48.8514979662 0.8300000000 0.9954545455
48.8844162565 0.8316666667 0.9954545455
49.1035632360 0.8333333333 0.9954545455
49.2716230761 0.8350000000 0.9954545455
49.2996850556 0.8366666667 0.9954545455
49.7467396754 0.8383333333 0.9954545455
49.8262996329 0.8400000000 0.9954545455
49.8308549441 0.8416666667 0.9954545455
49.8883843511 0.8433333333 0.9954545455
49.9653108706 0.8450000000 0.9954545455
50.0693290525 0.8466666667 0.9954545455
50.1945625612 0.8483333333 0.9954545455
50.3086761492 0.8500000000 0.9954545455
50.5394023550 0.8516666667 0.9954545455
50.5554703028 0.8533333333 0.9954545455
50.5911151115 0.8533333333 0.9965909091
50.6321994511 0.8550000000 0.9965909091
50.7223916958 0.8566666667 0.9965909091
51.1124734931 0.8583333333 0.9965909091
51.1635019576 0.8600000000 0.9965909091
51.2660655140 0.8600000000 0.9977272727
51.3347982860 0.8616666667 0.9977272727
51.4126692593 0.8633333333 0.9977272727
51.4488122697 0.8650000000 0.9977272727
51.5014251555 0.8666666667 0.9977272727
51.5257450667 0.8683333333 0.9977272727
51.6345130543 0.8700000000 0.9977272727
51.6852893138 0.8716666667 0.9977272727
51.8120464666 0.8733333333 0.9977272727
51.8181250200 0.8750000000 0.9977272727
51.8400611932 0.8766666667 0.9977272727
51.9319136039 0.8783333333 0.9977272727
52.2446318312 0.8800000000 0.9977272727
52.3004821794 0.8816666667 0.9977272727
52.3548142330 0.8833333333 0.9977272727
52.3915626036 0.8850000000 0.9977272727
52.6557965295 0.8866666667 0.9977272727
53.1144717692 0.8883333333 0.9977272727
53.2206053096 0.8900000000 0.9977272727
53.3579553932 0.8916666667 0.9977272727
53.4385392144 0.8933333333 0.9977272727
53.4542914674 0.8950000000 0.9977272727
53.4568515755 0.8966666667 0.9977272727
53.6226607562 0.8966666667 0.9988636364
53.6481403833 0.8983333333 0.9988636364
53.9251935186 0.9000000000 0.9988636364
54.0487037332 0.9016666667 0.9988636364
54.0806658898 0.9033333333 0.9988636364
54.1459907754 0.9050000000 0.9988636364
54.2201542443 0.9066666667 0.9988636364
54.3020109060 0.9083333333 0.9988636364
54.3832197773 0.9100000000 0.9988636364
54.7867565661 0.9116666667 0.9988636364
54.8673135102 0.9133333333 0.9988636364
54.8901608836 0.9150000000 0.9988636364
55.0537039344 0.9166666667 0.9988636364
55.1142679990 0.9183333333 0.9988636364
55.3656474765 0.9200000000 0.9988636364
55.4684277208 0.9216666667 0.9988636364
55.4864838252 0.9233333333 0.9988636364
55.7911842991 0.9250000000 0.9988636364
56.8236007877 0.9266666667 0.9988636364
57.0016229175 0.9283333333 0.9988636364
57.0295289294 0.9300000000 0.9988636364
57.0601971097 0.9316666667 0.9988636364
57.6302061375 0.9333333333 0.9988636364
57.7608971967 0.9350000000 0.9988636364
57.9237946699 0.9366666667 0.9988636364
57.9756972332 0.9383333333 0.9988636364
58.1407350338 0.9400000000 0.9988636364
58.2044283925 0.9416666667 0.9988636364
58.2778277985 0.9433333333 0.9988636364
59.5504509574 0.9450000000 0.9988636364
59.7723871386 0.9466666667 0.9988636364
60.3356367320 0.9483333333 0.9988636364
60.5762807166 0.9500000000 0.9988636364
60.7640402214 0.9516666667 0.9988636364
61.0526114247 0.9533333333 0.9988636364
61.1779893192 0.9550000000 0.9988636364
61.7705639805 0.9566666667 0.9988636364
62.6771588324 0.9583333333 0.9988636364
63.4626928970 0.9600000000 0.9988636364
63.5123793201 0.9616666667 0.9988636364
63.9120625538 0.9633333333 0.9988636364
63.9465558890 0.9650000000 0.9988636364
64.2724264079 0.9666666667 0.9988636364
65.2010950700 0.9683333333 0.9988636364
65.2194510562 0.9700000000 0.9988636364
68.3229287543 0.9716666667 0.9988636364
68.4435635927 0.9733333333 0.9988636364
68.5163606278 0.9733333333 1.0000000000
69.1231361318 0.9750000000 1.0000000000
70.0542403069 0.9766666667 1.0000000000
70.2021968753 0.9783333333 1.0000000000
71.1163695074 0.9800000000 1.0000000000
71.2851104373 0.9816666667 1.0000000000
71.6594684548 0.9833333333 1.0000000000
72.2720330389 0.9850000000 1.0000000000
72.4481138391 0.9866666667 1.0000000000
72.6760590870 0.9883333333 1.0000000000
74.3282732662 0.9900000000 1.0000000000
79.5200578648 0.9916666667 1.0000000000
80.2908076381 0.9933333333 1.0000000000
83.6273402937 0.9950000000 1.0000000000
86.8561133677 0.9966666667 1.0000000000
93.4851862213 0.9983333333 1.0000000000
100.0000000000 1.0000000000 1.0000000000
