T FAR FRR
0.000000 1.000000 0.000000
1.250000 1.000000 0.000000
3.750000 0.660227 0.019048
6.250000 0.550000 0.040476
8.750000 0.475000 0.061905
11.250000 0.432955 0.080952
13.750000 0.376136 0.123810
16.250000 0.327273 0.164286
18.750000 0.282955 0.204762
21.250000 0.246591 0.250000
23.750000 0.210227 0.297619
26.250000 0.182955 0.345238
28.750000 0.167045 0.378571
31.250000 0.144318 0.421429
33.750000 0.117045 0.488095
36.250000 0.094318 0.523810
38.750000 0.070455 0.576190
41.250000 0.060227 0.616667
43.750000 0.044318 0.657143
46.250000 0.031818 0.678571
48.750000 0.023864 0.714286
51.250000 0.015909 0.745238
53.750000 0.012500 0.780952
56.250000 0.006818 0.800000
58.750000 0.004545 0.828571
61.250000 0.002273 0.869048
63.750000 0.001136 0.907143
66.250000 0.001136 0.928571
68.750000 0.001136 0.952381
71.250000 0.001136 0.959524
73.750000 0.001136 0.966667
76.250000 0.001136 0.971429
78.750000 0.001136 0.971429
81.250000 0.000000 0.973810
83.750000 0.000000 0.983333
86.250000 0.000000 0.990476
88.750000 0.000000 0.992857
91.250000 0.000000 0.992857
93.750000 0.000000 0.995238
96.250000 0.000000 0.995238
98.750000 0.000000 0.997619
100.000000 0.000000 1.000000
