Attempt Threshold P_success FAR FRR P_user_success P_attacker_rejected MeanLimit AchievedMean FinalP_success k_user k_attacker
1 32.829396501922048 0.37853877371081773 0.092192016546815705 0.58301889759670855 0.41698110240329145 0.90780798345318425 2.2000000000000002 2.2000000000182864 0.6936132728574439 10 10
2 40.44999884966181 0.51628737468856445 0.036780895033539512 0.70248933494695398 0.59043544236578194 0.87441799330318348 2.2000000000000002 2.2000000000182864 0.6936132728574439 10 10
3 41.349999679004227 0.59770835997034011 0.032815552178679826 0.71602371679579557 0.70674206317492128 0.84572348401796638 2.2000000000000002 2.2000000000182864 0.6936132728574439 10 10
4 43.149999300318001 0.64342195918023082 0.026623125735640497 0.74472513174813437 0.78160344436175722 0.82320768136537215 2.2000000000000002 2.2000000000182864 0.6936132728574439 10 10
5 48.149999004221279 0.66714605475933697 0.014851634299857417 0.81210033861697395 0.82264008321340221 0.81098170192890018 2.2000000000000002 2.2000000000182864 0.6936132728574439 10 10
6 49.749999782226375 0.68231280545608874 0.012264339141296319 0.83565430039637623 0.8517884228193362 0.80103554729905846 2.2000000000000002 2.2000000000182864 0.6936132728574439 10 10
7 68.9499992478179 0.68623756573037376 2.4438085941322586e-05 0.96680053917596875 0.85670896726961354 0.80101597152351156 2.2000000000000002 2.2000000000182864 0.6936132728574439 10 10
8 69.049999634762074 0.69001197598513797 1.3370275402751645e-05 0.96703529725718118 0.86143251356928219 0.80100526171937037 2.2000000000000002 2.2000000000182864 0.6936132728574439 10 10
9 69.24999927259303 0.6936132728574439 3.114692954545834e-06 0.96753445717394693 0.86593118223429721 0.80100276683392513 2.2000000000000002 2.2000000000182864 0.6936132728574439 10 10
10 97.984784195649979 0.6936132728574439 0 1 0.86593118223429721 0.80100276683392513 2.2000000000000002 2.2000000000182864 0.6936132728574439 10 10
