k_user k_attacker P_success_max thresholds_opt FARs_opt FRRs_opt product_FRR_user product_1_minus_FAR_attacker P_user_success P_attacker_rejected P_attacker_success mean_user_attempts_given_success
1 1 0.6093306371 11.898096 0.1661759892 0.2692335202 0.2692335202 0.8338240108 0.7307664798 0.8338240108 0.1661759892 1.0000000000
2 1 0.9992725111 29.350000,1.250000 0.0000014234,1.0000000000 0.5853222242,0.0012404561 0.0007260665 0.9999985766 0.9992739335 0.9999985766 0.0000014234 1.5850209218
3 1 0.9999990897 29.949999,1.250000,1.250000 0.0000000000,1.0000000000,1.0000000000 0.5915735507,0.0012404561,0.0012404561 0.0000009103 1.0000000000 0.9999990897 1.0000000000 0.0000000000 1.5923060903
4 1 0.9999999989 29.950066,1.250000,1.250000,1.250000 0.0000000000,1.0000000000,1.0000000000,1.0000000000 0.5915742157,0.0012404561,0.0012404561,0.0012404561 0.0000000011 1.0000000000 0.9999999989 1.0000000000 0.0000000000 1.5923089451
5 1 1.0000000000 30.448834,1.250000,1.250000,1.250000,1.250000 0.0000000000,1.0000000000,1.0000000000,1.0000000000,1.0000000000 0.5963181027,0.0012404561,0.0012404561,0.0012404561,0.0012404561 0.0000000000 1.0000000000 1.0000000000 1.0000000000 0.0000000000 1.5970587278
6 1 1.0000000000 29.951381,1.250000,1.250000,1.250000,1.250000,1.250000 0.0000000000,1.0000000000,1.0000000000,1.0000000000,1.0000000000,1.0000000000 0.5915871495,0.0012404561,0.0012404561,0.0012404561,0.0012404561,0.0012404561 0.0000000000 1.0000000000 1.0000000000 1.0000000000 0.0000000000 1.5923218988
7 1 1.0000000000 98.750000,1.250000,1.250000,1.250000,1.250000,1.250000,1.250000 0.0000000000,1.0000000000,1.0000000000,1.0000000000,1.0000000000,1.0000000000,1.0000000000 1.0000000000,0.0012404561,0.0012404561,0.0012404561,0.0012404561,0.0012404561,0.0012404561 0.0000000000 1.0000000000 1.0000000000 1.0000000000 0.0000000000 2.0012419968
8 1 1.0000000000 93.134741,2.110655,1.695505,1.522607,1.866540,1.706552,1.445885,1.562583 0.0000000000,0.8209369870,0.9077550537,0.9470946697,0.8705809917,0.9052994900,0.9650397187,0.9378223612 0.9971356171,0.0119164997,0.0067667559,0.0046220235,0.0088883604,0.0069037858,0.0036703177,0.0051179152 0.0000000000 1.0000000000 1.0000000000 1.0000000000 0.0000000000 2.0090987634
9 1 1.0000000000 30.716420,1.250000,1.250000,1.250000,1.250000,1.250000,1.250000,1.250000,1.250000 0.0000000000,1.0000000000,1.0000000000,1.0000000000,1.0000000000,1.0000000000,1.0000000000,1.0000000000,1.0000000000 0.5986943682,0.0012404561,0.0012404561,0.0012404561,0.0012404561,0.0012404561,0.0012404561,0.0012404561,0.0012404561 0.0000000000 1.0000000000 1.0000000000 1.0000000000 0.0000000000 1.5994379447
10 1 1.0000000000 29.962427,1.250000,1.250000,1.250000,1.250000,1.250000,1.250000,1.250000,1.250000,1.250000 0.0000000000,1.0000000000,1.0000000000,1.0000000000,1.0000000000,1.0000000000,1.0000000000,1.0000000000,1.0000000000,1.0000000000 0.5916958509,0.0012404561,0.0012404561,0.0012404561,0.0012404561,0.0012404561,0.0012404561,0.0012404561,0.0012404561,0.0012404561 0.0000000000 1.0000000000 1.0000000000 1.0000000000 0.0000000000 1.5924307352
1 2 0.6093306371 11.898096,34.847540 0.1661759892,0.0000000000 0.2692335202,0.6422649906 0.2692335202 0.8338240108 0.7307664798 0.8338240108 0.1661759892 1.0000000000
2 2 0.7719910760 18.050000,18.050000 0.0303914337,0.0303914337 0.4229135493,0.4229135493 0.1788558702 0.9401407719 0.8211441298 0.9401407719 0.0598592281 1.2972166155
3 2 0.9995723523 29.449999,29.449986,1.250000 0.0000005456,0.0000005457,0.9999999999 0.5864051650,0.5864050294,0.0012404561 0.0004265568 0.9999989087 0.9995734432 0.9999989087 0.0000010913 1.9298196103
4 2 0.9999994615 29.950000,29.950000,1.250000,1.250000 0.0000000000,0.0000000000,1.0000000000,1.0000000000 0.5915735644,0.5915735644,0.0012404561,0.0012404561 0.0000005385 1.0000000000 0.9999994615 1.0000000000 0.0000000000 1.9419658474
5 2 0.9999999993 29.950179,30.010595,1.250000,1.250000,1.250000 0.0000000000,0.0000000000,1.0000000000,1.0000000000,1.0000000000 0.5915753229,0.5921698755,0.0012404561,0.0012404561,0.0012404561 0.0000000007 1.0000000000 0.9999999993 1.0000000000 0.0000000000 1.9423234932
6 2 1.0000000000 29.954244,29.985088,1.250000,1.250000,1.250000,1.250000 0.0000000000,0.0000000000,1.0000000000,1.0000000000,1.0000000000,1.0000000000 0.5916153285,0.5919188646,0.0012404561,0.0012404561,0.0012404561,0.0012404561 0.0000000000 1.0000000000 1.0000000000 1.0000000000 0.0000000000 1.9422385347
7 2 1.0000000000 38.107095,38.107095,1.250000,1.250000,1.250000,1.250000,1.250000 0.0000000000,0.0000000000,1.0000000000,1.0000000000,1.0000000000,1.0000000000,1.0000000000 0.6767319443,0.6767319443,0.0012404561,0.0012404561,0.0012404561,0.0012404561,0.0012404561 0.0000000000 1.0000000000 1.0000000000 1.0000000000 0.0000000000 2.1352668611
8 2 1.0000000000 31.399235,31.399235,1.250000,1.250000,1.250000,1.250000,1.250000,1.250000 0.0000000000,0.0000000000,1.0000000000,1.0000000000,1.0000000000,1.0000000000,1.0000000000,1.0000000000 0.6044272614,0.6044272614,0.0012404561,0.0012404561,0.0012404561,0.0012404561,0.0012404561,0.0012404561 0.0000000000 1.0000000000 1.0000000000 1.0000000000 0.0000000000 1.9702133173
9 2 1.0000000000 33.989110,33.989110,1.250000,1.250000,1.250000,1.250000,1.250000,1.250000,1.250000 0.0000000000,0.0000000000,1.0000000000,1.0000000000,1.0000000000,1.0000000000,1.0000000000,1.0000000000,1.0000000000 0.6321905607,0.6321905607,0.0012404561,0.0012404561,0.0012404561,0.0012404561,0.0012404561,0.0012404561,0.0012404561 0.0000000000 1.0000000000 1.0000000000 1.0000000000 0.0000000000 2.0323518483
10 2 1.0000000000 98.750000,85.167891,1.250000,40.482790,1.250000,1.250000,1.250000,12.246166,1.250000,15.941121 0.0000000000,0.0000000000,1.0000000000,0.0000000000,1.0000000000,1.0000000000,1.0000000000,0.1543269656,1.0000000000,0.0607245091 1.0000000000,0.9904432095,0.0012404561,0.7052349972,0.0012404561,0.0012404561,0.0012404561,0.2797712141,0.0012404561,0.3779466151 0.0000000000 1.0000000000 1.0000000000 1.0000000000 0.0000000000 2.9925393397
1 3 0.6093306371 11.898096,30.027265,30.027265 0.1661759892,0.0000000000,0.0000000000 0.2692335202,0.5923339219,0.5923339219 0.2692335202 0.8338240108 0.7307664798 0.8338240108 0.1661759892 1.0000000000
2 3 0.7719910760 18.050000,18.050000,55.800369 0.0303914328,0.0303914319,0.0000000000 0.4229135512,0.4229135530,0.8868406788 0.1788558726 0.9401407745 0.8211441274 0.9401407745 0.0598592255 1.2972166158
3 3 0.8621777858 20.550000,20.550000,20.550000 0.0114607997,0.0114607997,0.0114607997 0.4754633126,0.4754633126,0.4754633126 0.1074857857 0.9660101453 0.8925142143 0.9660101453 0.0339898547 1.5451533376
4 3 0.9997482284 29.450004,29.450002,29.450009,1.250000 0.0000005456,0.0000005456,0.0000005456,1.0000000000 0.5864052209,0.5864051986,0.5864052711,0.0012404561 0.0002501353 0.9999983633 0.9997498647 0.9999983633 0.0000016367 2.1314567105
5 3 0.9999996814 29.950000,29.950000,29.950001,1.250000,1.250000 0.0000000000,0.0000000000,0.0000000000,1.0000000000,1.0000000000 0.5915735614,0.5915735614,0.5915735716,0.0012404561,0.0012404561 0.0000003186 1.0000000000 0.9999996814 1.0000000000 0.0000000000 2.1488153996
6 3 0.9999999996 29.953179,29.956397,29.950703,1.250000,1.250000,1.250000 0.0000000000,0.0000000000,0.0000000000,1.0000000000,1.0000000000,1.0000000000 0.5916048505,0.5916365100,0.5915804750,0.0012404561,0.0012404561,0.0012404561 0.0000000004 1.0000000000 0.9999999996 1.0000000000 0.0000000000 2.1489391051
7 3 1.0000000000 29.950354,29.954439,29.950117,1.250000,1.250000,1.250000,1.250000 0.0000000000,0.0000000000,0.0000000000,1.0000000000,1.0000000000,1.0000000000,1.0000000000 0.5915770467,0.5916172492,0.5915747088,0.0012404561,0.0012404561,0.0012404561,0.0012404561 0.0000000000 1.0000000000 1.0000000000 1.0000000000 0.0000000000 2.1488649462
8 3 1.0000000000 29.990006,29.990006,29.990010,1.250000,1.250000,1.250000,1.250000,1.250000 0.0000000000,0.0000000000,0.0000000000,1.0000000000,1.0000000000,1.0000000000,1.0000000000,1.0000000000 0.5919672615,0.5919672615,0.5919672980,0.0012404561,0.0012404561,0.0012404561,0.0012404561,0.0012404561 0.0000000000 1.0000000000 1.0000000000 1.0000000000 0.0000000000 2.1500904220
9 3 1.0000000000 29.984561,29.984561,29.984559,1.250000,1.250000,1.250000,1.250000,1.250000,1.250000 0.0000000000,0.0000000000,0.0000000000,1.0000000000,1.0000000000,1.0000000000,1.0000000000,1.0000000000,1.0000000000 0.5919136766,0.5919136766,0.5919136544,0.0012404561,0.0012404561,0.0012404561,0.0012404561,0.0012404561,0.0012404561 0.0000000000 1.0000000000 1.0000000000 1.0000000000 0.0000000000 2.1499169812
10 3 1.0000000000 32.194234,32.194234,32.194238,1.250000,1.250000,1.250000,1.250000,1.250000,1.250000,1.250000 0.0000000000,0.0000000000,0.0000000000,1.0000000000,1.0000000000,1.0000000000,1.0000000000,1.0000000000,1.0000000000,1.0000000000 0.6116394090,0.6116394090,0.6116394454,0.0012404561,0.0012404561,0.0012404561,0.0012404561,0.0012404561,0.0012404561,0.0012404561 0.0000000000 1.0000000000 1.0000000000 1.0000000000 0.0000000000 2.2148423732
1 4 0.6093306371 11.898096,31.582824,31.582824,31.582824 0.1661759892,0.0000000000,0.0000000000,0.0000000000 0.2692335202,0.6059938407,0.6059938407,0.6059938408 0.2692335202 0.8338240108 0.7307664798 0.8338240108 0.1661759892 1.0000000000
2 4 0.7719910760 18.050000,18.050000,81.138498,54.762007 0.0303914329,0.0303914305,0.0000000000,0.0000000000 0.4229135510,0.4229135557,0.9877492968,0.8778039303 0.1788558736 0.9401407757 0.8211441264 0.9401407757 0.0598592243 1.2972166147
3 4 0.8621777858 20.550000,20.549999,20.549999,44.979801 0.0114607998,0.0114608024,0.0114608073,0.0000000000 0.4754633124,0.4754633019,0.4754632825,0.7636571913 0.1074857764 0.9660101352 0.8925142236 0.9660101352 0.0339898648 1.5451533467
4 4 0.9135716039 22.250000,22.250000,22.250000,22.250000 0.0053551339,0.0053551339,0.0053551339,0.0053551339 0.5079949525,0.5079949525,0.5079949525,0.5079949525 0.0665943813 0.9787509156 0.9334056187 0.9787509156 0.0212490844 1.7471170847
5 4 0.9998514954 29.550000,29.550000,29.550000,29.550000,1.250000 0.0000001885,0.0000001885,0.0000001885,0.0000001885,1.0000000000 0.5874718381,0.5874718381,0.5874718376,0.5874718376,0.0012404561 0.0001477507 0.9999992460 0.9998522493 0.9999992460 0.0000007540 2.2540494155
6 4 0.9999998115 29.950022,29.950022,29.950022,29.950020,1.250000,1.250000 0.0000000000,0.0000000000,0.0000000000,0.0000000000,1.0000000000,1.0000000000 0.5915737785,0.5915737785,0.5915737785,0.5915737627,0.0012404561,0.0012404561 0.0000001885 1.0000000000 0.9999998115 1.0000000000 0.0000000000 2.2711830899
7 4 0.9999999998 29.973075,29.951500,29.959183,29.954417,1.250000,1.250000,1.250000 0.0000000000,0.0000000000,0.0000000000,0.0000000000,1.0000000000,1.0000000000,1.0000000000 0.5918006405,0.5915883210,0.5916639279,0.5916170327,0.0012404561,0.0012404561,0.0012404561 0.0000000002 1.0000000000 0.9999999998 1.0000000000 0.0000000000 2.2717474077
8 4 1.0000000000 29.965913,29.965913,29.965913,29.965905,1.250000,1.250000,1.250000,1.250000 0.0000000000,0.0000000000,0.0000000000,0.0000000000,1.0000000000,1.0000000000,1.0000000000,1.0000000000 0.5917301587,0.5917301587,0.5917301590,0.5917300834,0.0012404561,0.0012404561,0.0012404561,0.0012404561 0.0000000000 1.0000000000 1.0000000000 1.0000000000 0.0000000000 2.2718193301
9 4 1.0000000000 30.093120,30.093120,30.093126,30.093126,1.250000,1.250000,1.250000,1.250000,1.250000 0.0000000000,0.0000000000,0.0000000000,0.0000000000,1.0000000000,1.0000000000,1.0000000000,1.0000000000,1.0000000000 0.5929748687,0.5929748687,0.5929749261,0.5929749254,0.0012404561,0.0012404561,0.0012404561,0.0012404561,0.0012404561 0.0000000000 1.0000000000 1.0000000000 1.0000000000 0.0000000000 2.2768850674
10 4 1.0000000000 30.562676,30.562676,30.562676,30.562676,1.250000,1.250000,1.250000,1.250000,1.250000,1.250000 0.0000000000,0.0000000000,0.0000000000,0.0000000000,1.0000000000,1.0000000000,1.0000000000,1.0000000000,1.0000000000,1.0000000000 0.5973428133,0.5973428133,0.5973428124,0.5973428133,0.0012404561,0.0012404561,0.0012404561,0.0012404561,0.0012404561,0.0012404561 0.0000000000 1.0000000000 1.0000000000 1.0000000000 0.0000000000 2.2947817051
1 5 0.6093306371 11.898096,60.462010,69.796159,36.542085,63.254188 0.1661759892,0.0000000000,0.0000000000,0.0000000000,0.0000000000 0.2692335202,0.9172402362,0.9675718533,0.6592852447,0.9391273842 0.2692335202 0.8338240108 0.7307664798 0.8338240108 0.1661759892 1.0000000000
2 5 0.7719910760 18.050000,18.050000,44.726124,55.224834,45.495155 0.0303914325,0.0303914309,0.0000000000,0.0000000000,0.0000000000 0.4229135518,0.4229135549,0.7600744975,0.8816585074,0.7703789546 0.1788558736 0.9401407757 0.8211441264 0.9401407757 0.0598592243 1.2972166156
3 5 0.8621777858 20.550000,20.550000,20.550000,49.455738,55.882603 0.0114608000,0.0114608019,0.0114608017,0.0000000000,0.0000000000 0.4754633113,0.4754633037,0.4754633048,0.8167273460,0.8876119695 0.1074857816 0.9660101409 0.8925142184 0.9660101409 0.0339898591 1.5451533374
4 5 0.9135716039 22.250000,22.250000,22.250000,22.250000,29.967627 0.0053551339,0.0053551339,0.0053551334,0.0053551334,0.0000000000 0.5079949525,0.5079949525,0.5079949562,0.5079949560,0.5917470261 0.0665943822 0.9787509166 0.9334056178 0.9787509166 0.0212490834 1.7471170835
5 5 0.9436796884 23.350000,23.350000,23.350000,23.350000,23.350000 0.0033882678,0.0033882678,0.0033882678,0.0033882678,0.0033882678 0.5257495178,0.5257495178,0.5257495178,0.5257495178,0.5257495178 0.0401693140 0.9831730764 0.9598306860 0.9831730764 0.0168269236 1.8993382879
6 5 0.9999122582 29.550022,29.550022,29.550022,29.550031,29.550031,1.250000 0.0000001885,0.0000001885,0.0000001885,0.0000001884,0.0000001884,1.0000000000 0.5874720656,0.5874720656,0.5874720656,0.5874721607,0.5874721610,0.0012404561 0.0000867996 0.9999990577 0.9999132004 0.9999990577 0.0000009423 2.3241109269
7 5 0.9999998885 29.950001,29.950001,29.950001,29.950001,29.950001,1.250000,1.250000 0.0000000000,0.0000000000,0.0000000000,0.0000000000,0.0000000000,1.0000000000,1.0000000000 0.5915735690,0.5915735690,0.5915735741,0.5915735692,0.5915735690,0.0012404561,0.0012404561 0.0000001115 1.0000000000 0.9999998885 1.0000000000 0.0000000000 2.3435712849
8 5 0.9999999999 29.952677,29.952677,29.952680,29.952674,29.952675,1.250000,1.250000,1.250000 0.0000000000,0.0000000000,0.0000000000,0.0000000000,0.0000000000,1.0000000000,1.0000000000,1.0000000000 0.5915999030,0.5915999030,0.5915999342,0.5915998801,0.5915998905,0.0012404561,0.0012404561,0.0012404561 0.0000000001 1.0000000000 0.9999999999 1.0000000000 0.0000000000 2.3436950200
9 5 1.0000000000 29.978276,29.978276,29.978275,29.978273,29.978273,1.250000,1.250000,1.250000,1.250000 0.0000000000,0.0000000000,0.0000000000,0.0000000000,0.0000000000,1.0000000000,1.0000000000,1.0000000000,1.0000000000 0.5918518211,0.5918518211,0.5918518096,0.5918517959,0.5918517945,0.0012404561,0.0012404561,0.0012404561,0.0012404561 0.0000000000 1.0000000000 1.0000000000 1.0000000000 0.0000000000 2.3448730505
10 5 1.0000000000 30.142254,30.142254,30.142253,30.142254,30.142253,1.250000,1.250000,1.250000,1.250000,1.250000 0.0000000000,0.0000000000,0.0000000000,0.0000000000,0.0000000000,1.0000000000,1.0000000000,1.0000000000,1.0000000000,1.0000000000 0.5934502697,0.5934502697,0.5934502579,0.5934502716,0.5934502618,0.0012404561,0.0012404561,0.0012404561,0.0012404561,0.0012404561 0.0000000000 1.0000000000 1.0000000000 1.0000000000 0.0000000000 2.3523685853
1 6 0.6093306371 11.898096,88.237142,75.182764,44.054057,91.531358,32.025824 0.1661759892,0.0000000000,0.0000000000,0.0000000000,0.0000000000,0.0000000000 0.2692335202,0.9921105362,0.9806768052,0.7497227990,0.9954480120,0.6100114671 0.2692335202 0.8338240108 0.7307664798 0.8338240108 0.1661759892 1.0000000000
2 6 0.7719910760 18.050000,18.050000,42.549834,77.395755,37.372121,62.781334 0.0303914321,0.0303914286,0.0000000000,0.0000000000,0.0000000000,0.0000000000 0.4229135525,0.4229135596,0.7264518559,0.9820945646,0.6679878310,0.9364200930 0.1788558759 0.9401407783 0.8211441241 0.9401407783 0.0598592217 1.2972166146
3 6 0.8621777858 20.550000,20.550000,20.550000,41.754302,38.318201,37.488561 0.0114607997,0.0114608016,0.0114608004,0.0000000000,0.0000000000,0.0000000000 0.4754633125,0.4754633052,0.4754633098,0.7171157247,0.6794190874,0.6693082827 0.1074857834 0.9660101427 0.8925142166 0.9660101427 0.0339898573 1.5451533373
4 6 0.9135716039 22.250000,22.250000,22.250000,22.250000,31.354381,31.354381 0.0053551338,0.0053551338,0.0053551335,0.0053551339,0.0000000000,0.0000000000 0.5079949534,0.5079949534,0.5079949556,0.5079949529,0.6040498152,0.6040498150 0.0665943820 0.9787509163 0.9334056180 0.9787509163 0.0212490837 1.7471170863
5 6 0.9436796883 23.349999,23.349999,23.349999,23.349998,23.349999,69.815352 0.0033882685,0.0033882684,0.0033882684,0.0033882699,0.0033882687,0.0000000000 0.5257495086,0.5257495093,0.5257495093,0.5257494914,0.5257495066,0.9676359780 0.0401693091 0.9831730714 0.9598306909 0.9831730714 0.0168269286 1.8993382688
6 6 0.9630459723 27.750000,27.750000,27.750000,27.750000,27.750000,27.750000 0.0005956945,0.0005956945,0.0005956945,0.0005956945,0.0005956945,0.0005956945 0.5677856374,0.5677856374,0.5677856374,0.5677856374,0.5677856374,0.5677856374 0.0335047525 0.9964311515 0.9664952475 0.9964311515 0.0035688485 2.1056693333
7 6 0.9999481124 29.649999,29.649999,29.650000,29.649999,29.649999,29.649999,1.250000 0.0000000577,0.0000000577,0.0000000577,0.0000000577,0.0000000577,0.0000000577,1.0000000000 0.5885220422,0.5885220422,0.5885220503,0.5885220422,0.5885220434,0.5885220425,0.0012404561 0.0000515416 0.9999996540 0.9999484584 0.9999996540 0.0000003460 2.3705970377
8 6 0.9999999340 29.950017,29.950017,29.950017,29.950017,29.950017,29.950017,1.250000,1.250000 0.0000000000,0.0000000000,0.0000000000,0.0000000000,0.0000000000,0.0000000000,1.0000000000,1.0000000000 0.5915737263,0.5915737263,0.5915737265,0.5915737255,0.5915737260,0.5915737255,0.0012404561,0.0012404561 0.0000000660 1.0000000000 0.9999999340 1.0000000000 0.0000000000 2.3863955673
9 6 0.9999999999 29.995829,29.995829,29.995829,29.995829,29.995788,29.995752,1.250000,1.250000,1.250000 0.0000000000,0.0000000000,0.0000000000,0.0000000000,0.0000000000,0.0000000000,1.0000000000,1.0000000000,1.0000000000 0.5920245665,0.5920245665,0.5920245649,0.5920245668,0.5920241594,0.5920238042,0.0012404561,0.0012404561,0.0012404561 0.0000000001 1.0000000000 0.9999999999 1.0000000000 0.0000000000 2.3887008777
10 6 1.0000000000 29.957244,29.957244,29.957217,29.957243,29.957244,29.957244,1.250000,1.250000,1.250000,1.250000 0.0000000000,0.0000000000,0.0000000000,0.0000000000,0.0000000000,0.0000000000,1.0000000000,1.0000000000,1.0000000000,1.0000000000 0.5916448492,0.5916448492,0.5916445806,0.5916448360,0.5916448477,0.5916448481,0.0012404561,0.0012404561,0.0012404561,0.0012404561 0.0000000000 1.0000000000 1.0000000000 1.0000000000 0.0000000000 2.3867591887
1 7 0.6093306371 11.898096,36.557729,31.830799,32.508134,66.267257,31.481223,32.987196 0.1661759892,0.0000000000,0.0000000000,0.0000000000,0.0000000000,0.0000000000,0.0000000000 0.2692335202,0.6594384498,0.6081965319,0.6148226384,0.9545986402,0.6051210824,0.6200574279 0.2692335202 0.8338240108 0.7307664798 0.8338240108 0.1661759892 1.0000000000
2 7 0.7719910760 18.050000,18.050000,48.130688,59.201799,59.978988,45.159744,42.190913 0.0303914319,0.0303914337,0.0000000000,0.0000000000,0.0000000000,0.0000000000,0.0000000000 0.4229135530,0.4229135494,0.8000256211,0.9092955592,0.9137005105,0.7660908202,0.7219595481 0.1788558718 0.9401407736 0.8211441282 0.9401407736 0.0598592264 1.2972166186
3 7 0.8621777858 20.550000,20.550000,20.550000,66.357202,58.041468,46.755824,68.901614 0.0114608018,0.0114608011,0.0114608000,0.0000000000,0.0000000000,0.0000000000,0.0000000000 0.4754633045,0.4754633071,0.4754633113,0.9551242015,0.9043186891,0.7843980236,0.9650314548 0.1074857823 0.9660101416 0.8925142177 0.9660101416 0.0339898584 1.5451533268
4 7 0.9135716039 22.250000,22.250000,22.250000,22.250000,60.229165,42.572390,38.986925 0.0053551339,0.0053551352,0.0053551337,0.0053551338,0.0000000000,0.0000000000,0.0000000000 0.5079949526,0.5079949438,0.5079949545,0.5079949533,0.9154570795,0.7267532348,0.6881664182 0.0665943805 0.9787509148 0.9334056195 0.9787509148 0.0212490852 1.7471170801
5 7 0.9436796883 23.350000,23.349998,23.349999,23.349999,23.349999,32.803247,56.382089 0.0033882680,0.0033882705,0.0033882690,0.0033882688,0.0033882686,0.0000000000,0.0000000000 0.5257495155,0.5257494836,0.5257495022,0.5257495048,0.5257495071,0.6179937711,0.8923222381 0.0401693082 0.9831730704 0.9598306918 0.9831730704 0.0168269296 1.8993382593
6 7 0.9630459723 27.750006,27.750006,27.750006,27.750006,27.750005,27.750005,30.056277 0.0005956911,0.0005956911,0.0005956912,0.0005956912,0.0005956913,0.0005956913,0.0000000000 0.5677856928,0.5677856928,0.5677856916,0.5677856918,0.5677856898,0.5677856894,0.5926183864 0.0335047717 0.9964311712 0.9664952283 0.9964311712 0.0035688288 2.1056695048
7 7 0.9779031294 28.550000,28.550000,28.550000,28.550000,28.550000,28.550000,28.550000 0.0001456026,0.0001456026,0.0001456026,0.0001456026,0.0001456026,0.0001456026,0.0001456026 0.5762495286,0.5762495286,0.5762495286,0.5762495286,0.5762495286,0.5762495286,0.5762495286 0.0210995932 0.9989812269 0.9789004068 0.9989812269 0.0010187731 2.2089987074
8 7 0.9999692630 29.650009,29.650009,29.650009,29.650009,29.650010,29.650009,29.650010,1.250000 0.0000000577,0.0000000577,0.0000000577,0.0000000577,0.0000000577,0.0000000577,0.0000000577,1.0000000000 0.5885221394,0.5885221394,0.5885221447,0.5885221488,0.5885221502,0.5885221445,0.5885221504,0.0012404561 0.0000303334 0.9999995963 0.9999696666 0.9999995963 0.0000004037 2.3951195477
9 7 0.9999999610 29.950014,29.950014,29.950014,29.950010,29.950013,29.950014,29.950014,1.250000,1.250000 0.0000000000,0.0000000000,0.0000000000,0.0000000000,0.0000000000,0.0000000000,0.0000000000,1.0000000000,1.0000000000 0.5915736967,0.5915736967,0.5915736989,0.5915736577,0.5915736906,0.5915737008,0.5915736963,0.0012404561,0.0012404561 0.0000000390 1.0000000000 0.9999999610 1.0000000000 0.0000000000 2.4117287037
10 7 1.0000000000 29.957952,29.957952,29.957952,29.957951,29.957950,29.957949,29.957950,1.250000,1.250000,1.250000 0.0000000000,0.0000000000,0.0000000000,0.0000000000,0.0000000000,0.0000000000,0.0000000000,1.0000000000,1.0000000000,1.0000000000 0.5916518140,0.5916518140,0.5916518125,0.5916518042,0.5916517981,0.5916517833,0.5916517928,0.0012404561,0.0012404561,0.0012404561 0.0000000000 1.0000000000 1.0000000000 1.0000000000 0.0000000000 2.4121515694
1 8 0.6093306371 11.898096,33.950480,33.950480,33.950480,33.950479,33.950480,33.950480,33.950480 0.1661759892,0.0000000000,0.0000000000,0.0000000000,0.0000000000,0.0000000000,0.0000000000,0.0000000000 0.2692335202,0.6317159102,0.6317159033,0.6317159033,0.6317159007,0.6317159079,0.6317159056,0.6317159099 0.2692335202 0.8338240108 0.7307664798 0.8338240108 0.1661759892 1.0000000000
2 8 0.7719910760 18.050000,18.050000,54.171940,40.703431,36.426915,48.066506,38.761312,93.211178 0.0303914329,0.0303914336,0.0000000000,0.0000000000,0.0000000000,0.0000000000,0.0000000000,0.0000000000 0.4229135509,0.4229135496,0.8732977530,0.7073507246,0.6581681265,0.7992612436,0.6852214911,0.9972054016 0.1788558710 0.9401407727 0.8211441290 0.9401407727 0.0598592273 1.2972166168
3 8 0.8621777858 20.549999,20.550000,20.550000,74.959712,58.374086,32.683221,56.002370,69.606173 0.0114608056,0.0114607997,0.0114608000,0.0000000000,0.0000000000,0.0000000000,0.0000000000,0.0000000000 0.4754632891,0.4754633126,0.4754633114,0.9805845756,0.9058647063,0.6166829407,0.8887441415,0.9669588253 0.1074857801 0.9660101392 0.8925142199 0.9660101392 0.0339898608 1.5451533079
4 8 0.9135716039 22.249999,22.250000,22.250000,22.250000,92.690614,46.715085,71.785686,41.372816 0.0053551354,0.0053551337,0.0053551334,0.0053551333,0.0000000000,0.0000000000,0.0000000000,0.0000000000 0.5079949419,0.5079949543,0.5079949567,0.5079949570,0.9967104103,0.7839588107,0.9758578173,0.7134143827 0.0665943813 0.9787509155 0.9334056187 0.9787509155 0.0212490845 1.7471170672
5 8 0.9436796883 23.350000,23.350000,23.350000,23.349999,23.349999,37.566394,71.823634,47.610504 0.0033882683,0.0033882682,0.0033882678,0.0033882690,0.0033882694,0.0000000000,0.0000000000,0.0000000000 0.5257495106,0.5257495124,0.5257495178,0.5257495025,0.5257494973,0.6702033712,0.9760044152,0.7939299403 0.0401693103 0.9831730726 0.9598306897 0.9831730726 0.0168269274 1.8993382776
6 8 0.9630459723 27.750015,27.750015,27.750010,27.750010,27.750013,27.750010,31.564751,31.564751 0.0005956854,0.0005956854,0.0005956883,0.0005956884,0.0005956869,0.0005956885,0.0000000000,0.0000000000 0.5677857872,0.5677857872,0.5677857395,0.5677857370,0.5677857616,0.5677857365,0.6058367034,0.6058367034 0.0335047953 0.9964311956 0.9664952047 0.9964311956 0.0035688044 2.1056697883
7 8 0.9779031293 28.550003,28.550001,28.550000,28.550001,28.550000,28.550000,28.550002,82.075807 0.0001456014,0.0001456024,0.0001456026,0.0001456023,0.0001456025,0.0001456024,0.0001456016,0.0000000000 0.5762495620,0.5762495348,0.5762495282,0.5762495360,0.5762495313,0.5762495330,0.5762495563,0.9885054056 0.0210995962 0.9989812298 0.9789004038 0.9989812298 0.0010187702 2.2089987818
8 8 0.9868938471 28.850000,28.850000,28.850000,28.850000,28.850000,28.850000,28.850000,28.850000 0.0000447963,0.0000447963,0.0000447963,0.0000447963,0.0000447963,0.0000447963,0.0000447963,0.0000447963 0.5796942930,0.5796942930,0.5796942930,0.5796942930,0.5796942930,0.5796942930,0.5796942930,0.5796942930 0.0127524080 0.9996416857 0.9872475920 0.9996416857 0.0003583143 2.2758835485
9 8 0.9999817769 29.749999,29.749999,29.749999,29.749999,29.749999,29.749999,29.749999,29.749999,1.250000 0.0000000149,0.0000000149,0.0000000149,0.0000000149,0.0000000149,0.0000000149,0.0000000149,0.0000000149,1.0000000000 0.5895557464,0.5895557464,0.5895557456,0.5895557473,0.5895557473,0.5895557488,0.5895557481,0.5895557485,0.0012404561 0.0000181042 0.9999998812 0.9999818958 0.9999998812 0.0000001188 2.4153014610
10 8 0.9999999769 29.950009,29.950009,29.950009,29.950014,29.950010,29.950015,29.950005,29.950009,1.250000,1.250000 0.0000000000,0.0000000000,0.0000000000,0.0000000000,0.0000000000,0.0000000000,0.0000000000,0.0000000000,1.0000000000,1.0000000000 0.5915736524,0.5915736524,0.5915736512,0.5915737033,0.5915736623,0.5915737073,0.5915736149,0.5915736533,0.0012404561,0.0012404561 0.0000000231 1.0000000000 0.9999999769 1.0000000000 0.0000000000 2.4267150338
1 9 0.6093306371 11.898096,40.584859,40.584859,40.584859,40.584859,40.584859,40.584859,40.584859,40.584859 0.1661759892,0.0000000000,0.0000000000,0.0000000000,0.0000000000,0.0000000000,0.0000000000,0.0000000000,0.0000000000 0.2692335202,0.7062260399,0.7062260403,0.7062260403,0.7062260400,0.7062260374,0.7062260374,0.7062260374,0.7062260374 0.2692335202 0.8338240108 0.7307664798 0.8338240108 0.1661759892 1.0000000000
2 9 0.7719910760 18.050000,18.050000,39.617210,42.725720,82.908068,32.388827,75.008791,92.233862,66.244419 0.0303914329,0.0303914318,0.0000000000,0.0000000000,0.0000000000,0.0000000000,0.0000000000,0.0000000000,0.0000000000 0.4229135509,0.4229135531,0.6959362266,0.7288298459,0.9891047253,0.6135896477,0.9806048695,0.9962392727,0.9544647034 0.1788558725 0.9401407744 0.8211441275 0.9401407744 0.0598592256 1.2972166155
3 9 0.8621777858 20.549999,20.550000,20.550000,47.118829,55.664737,35.707295,56.299281,32.704703,36.802072 0.0114608039,0.0114608018,0.0114608007,0.0000000000,0.0000000000,0.0000000000,0.0000000000,0.0000000000,0.0000000000 0.4754632960,0.4754633042,0.4754633088,0.7883737575,0.8855821453,0.6512672857,0.8915516830,0.6169156588,0.6618821426 0.1074857792 0.9660101382 0.8925142208 0.9660101382 0.0339898618 1.5451533163
4 9 0.9135716039 22.250000,22.250000,22.250000,22.250000,43.747737,78.993439,90.321121,33.537163,40.159942 0.0053551329,0.0053551345,0.0053551335,0.0053551339,0.0000000000,0.0000000000,0.0000000000,0.0000000000,0.0000000000 0.5079949600,0.5079949487,0.5079949557,0.5079949525,0.7446712991,0.9847656526,0.9940336135,0.6265986713,0.7019561965 0.0665943822 0.9787509165 0.9334056178 0.9787509165 0.0212490835 1.7471170945
5 9 0.9436796883 23.349999,23.350000,23.350000,23.350000,23.349999,35.388318,74.595889,55.216279,55.394713 0.0033882684,0.0033882683,0.0033882678,0.0033882678,0.0033882687,0.0000000000,0.0000000000,0.0000000000,0.0000000000 0.5257495095,0.5257495108,0.5257495173,0.5257495178,0.5257495061,0.6480538229,0.9804341253,0.8815849328,0.8831445139 0.0401693119 0.9831730742 0.9598306881 0.9831730742 0.0168269258 1.8993382706
6 9 0.9630459723 27.750006,27.750006,27.750006,27.750030,27.750030,27.750030,50.000000,50.000000,50.000000 0.0005956911,0.0005956911,0.0005956909,0.0005956764,0.0005956764,0.0005956764,0.0000000000,0.0000000000,0.0000000000 0.5677856939,0.5677856939,0.5677856962,0.5677859340,0.5677859347,0.5677859337,0.8242202082,0.8242202082,0.8242202082 0.0335048152 0.9964312161 0.9664951848 0.9964312161 0.0035687839 2.1056694343
7 9 0.9779031293 28.550000,28.550000,28.550000,28.550002,28.550001,28.550001,28.550001,57.754177,72.289102 0.0001456026,0.0001456028,0.0001456024,0.0001456018,0.0001456020,0.0001456021,0.0001456021,0.0000000000,0.0000000000 0.5762495298,0.5762495235,0.5762495333,0.5762495502,0.5762495454,0.5762495431,0.5762495419,0.9027583408,0.9775877862 0.0210995956 0.9989812293 0.9789004044 0.9989812293 0.0010187707 2.2089987069
8 9 0.9868938470 28.849998,28.849993,28.849997,28.849989,28.849987,28.850000,28.849999,28.849997,39.692870 0.0000447970,0.0000447981,0.0000447970,0.0000447992,0.0000447997,0.0000447963,0.0000447966,0.0000447970,0.0000000000 0.5796942643,0.5796942115,0.5796942616,0.5796941639,0.5796941401,0.5796942924,0.5796942791,0.5796942627,0.6968129673 0.0127523977 0.9996416752 0.9872476023 0.9996416752 0.0003583248 2.2758833193
9 9 0.9922383529 28.950000,28.950000,28.950000,28.950000,28.950000,28.950000,28.950000,28.950000,28.950000 0.0000264667,0.0000264667,0.0000264667,0.0000264667,0.0000264667,0.0000264667,0.0000264667,0.0000264667,0.0000264667 0.5808419502,0.5808419502,0.5808419502,0.5808419502,0.5808419502,0.5808419502,0.5808419502,0.5808419502,0.5808419502 0.0075252646 0.9997618252 0.9924747354 0.9997618252 0.0002381748 2.3174940164
10 9 0.9999891929 29.750034,29.750034,29.750034,29.750034,29.750034,29.750034,29.750034,29.750034,29.750034,1.250000 0.0000000148,0.0000000148,0.0000000148,0.0000000148,0.0000000148,0.0000000148,0.0000000148,0.0000000148,0.0000000148,1.0000000000 0.5895560979,0.5895560979,0.5895560979,0.5895560979,0.5895560978,0.5895560978,0.5895560978,0.5895560978,0.5895560978,0.0012404561 0.0000106735 0.9999998664 0.9999893265 0.9999998664 0.0000001336 2.4239462759
1 10 0.6093306371 11.898096,64.715578,47.533584,96.381076,50.353051,76.020920,36.385951,82.344719,29.954172,33.984275 0.1661759892,0.0000000000,0.0000000000,0.0000000000,0.0000000000,0.0000000000,0.0000000000,0.0000000000,0.0000000000,0.0000000000 0.2692335202,0.9459622740,0.7930471099,0.9992698613,0.8292878747,0.9810284961,0.6577745649,0.9887053844,0.5916146160,0.6321311455 0.2692335202 0.8338240108 0.7307664798 0.8338240108 0.1661759892 1.0000000000
2 10 0.7719910760 18.050000,18.050000,68.177886,46.845821,32.968238,60.755628,47.333613,41.919274,52.824337,35.362105 0.0303914323,0.0303914321,0.0000000000,0.0000000000,0.0000000000,0.0000000000,0.0000000000,0.0000000000,0.0000000000,0.0000000000 0.4229135521,0.4229135525,0.9631806477,0.7853737730,0.6198408167,0.9196892152,0.7907759861,0.7188670548,0.8626224735,0.6477841287 0.1788558727 0.9401407747 0.8211441273 0.9401407747 0.0598592253 1.2972166168
3 10 0.8621777858 20.550000,20.550000,20.549999,30.109151,46.165828,30.139090,71.369350,97.950718,47.966444,65.143769 0.0114607998,0.0114608009,0.0114608028,0.0000000000,0.0000000000,0.0000000000,0.0000000000,0.0000000000,0.0000000000,0.0000000000 0.4754633122,0.4754633079,0.4754633004,0.5931299776,0.7780769698,0.5934196508,0.9741021446,1.0000000000,0.7980765159,0.9481675201 0.1074857818 0.9660101410 0.8925142182 0.9660101410 0.0339898590 1.5451533408
4 10 0.9135716039 22.250000,22.250000,22.250000,22.250000,30.494581,30.494581,30.494581,30.494581,30.494581,30.494581 0.0053551333,0.0053551333,0.0053551336,0.0053551339,0.0000000000,0.0000000000,0.0000000000,0.0000000000,0.0000000000,0.0000000000 0.5079949567,0.5079949567,0.5079949550,0.5079949530,0.5967308035,0.5967308015,0.5967308026,0.5967308046,0.5967308047,0.5967308057 0.0665943828 0.9787509171 0.9334056172 0.9787509171 0.0212490829 1.7471170932
5 10 0.9436796883 23.350000,23.350000,23.350000,23.350000,23.349999,48.816437,46.497669,30.603181,70.794164,53.239831 0.0033882680,0.0033882679,0.0033882678,0.0033882683,0.0033882687,0.0000000000,0.0000000000,0.0000000000,0.0000000000,0.0000000000 0.5257495147,0.5257495156,0.5257495178,0.5257495107,0.5257495061,0.8084236158,0.7816279442,0.5977015789,0.9714738612,0.8663872135 0.0401693122 0.9831730745 0.9598306878 0.9831730745 0.0168269255 1.8993382843
6 10 0.9630459723 27.750016,27.750016,27.750016,27.750016,27.750012,27.750014,31.883972,31.883972,31.883971,31.883971 0.0005956852,0.0005956852,0.0005956850,0.0005956851,0.0005956876,0.0005956864,0.0000000000,0.0000000000,0.0000000000,0.0000000000 0.5677857903,0.5677857903,0.5677857936,0.5677857915,0.5677857514,0.5677857706,0.6086846083,0.6086846086,0.6086846054,0.6086846021 0.0335048035 0.9964312040 0.9664951965 0.9964312040 0.0035687960 2.1056698153
7 10 0.9779031293 28.550001,28.549999,28.550000,28.550000,28.550001,28.550000,28.550000,76.437514,38.341420,70.056087 0.0001456023,0.0001456029,0.0001456024,0.0001456024,0.0001456024,0.0001456024,0.0001456026,0.0000000000,0.0000000000,0.0000000000 0.5762495382,0.5762495226,0.5762495340,0.5762495333,0.5762495353,0.5762495335,0.5762495286,0.9812401673,0.6797178835,0.9684771118 0.0210995941 0.9989812278 0.9789004059 0.9989812278 0.0010187722 2.2089987246
8 10 0.9868938470 28.849997,28.849999,28.849994,28.850000,28.849999,28.849997,28.849974,28.849987,47.555814,70.613712 0.0000447971,0.0000447967,0.0000447978,0.0000447963,0.0000447966,0.0000447972,0.0000448029,0.0000447997,0.0000000000,0.0000000000 0.5796942585,0.5796942765,0.5796942267,0.5796942920,0.5796942789,0.5796942531,0.5796939988,0.5796941403,0.7933012817,0.9706855923 0.0127523944 0.9996416718 0.9872476056 0.9996416718 0.0003583282 2.2758834546
9 10 0.9922383528 28.950000,28.950000,28.950001,28.950001,28.949999,28.949999,28.950000,28.950000,28.950000,56.730220 0.0000264667,0.0000264667,0.0000264666,0.0000264666,0.0000264669,0.0000264668,0.0000264667,0.0000264666,0.0000264667,0.0000000000 0.5808419509,0.5808419494,0.5808419585,0.5808419567,0.5808419353,0.5808419440,0.5808419502,0.5808419548,0.5808419507,0.8954213450 0.0075252646 0.9997618251 0.9924747354 0.9997618251 0.0002381749 2.3174940221
10 10 0.9953983572 29.050000,29.050000,29.050000,29.050000,29.050000,29.050000,29.050000,29.050000,29.050000,29.050000 0.0000144802,0.0000144802,0.0000144802,0.0000144802,0.0000144802,0.0000144802,0.0000144802,0.0000144802,0.0000144802,0.0000144802 0.5819813883,0.5819813883,0.5819813883,0.5819813883,0.5819813883,0.5819813883,0.5819813883,0.5819813883,0.5819813883,0.5819813883 0.0044574960 0.9998552078 0.9955425040 0.9998552078 0.0001447922 2.3474634394
