T P_and P_or
1.250000 0.799385 0.000000
1.350000 0.799946 0.006600
1.450000 0.801641 0.019589
1.550000 0.803284 0.032323
1.650000 0.804869 0.044761
1.750000 0.806390 0.056874
1.850000 0.807844 0.068643
1.950000 0.809228 0.080054
2.050000 0.810541 0.091101
2.150000 0.811783 0.101781
2.250000 0.812954 0.112093
2.350000 0.814053 0.122036
2.450000 0.815082 0.131609
2.550000 0.816039 0.140814
2.650000 0.816925 0.149650
2.750000 0.817741 0.158117
2.850000 0.818486 0.166214
2.950000 0.819161 0.173944
3.050000 0.819766 0.181304
3.150000 0.820301 0.188298
3.250000 0.820767 0.194928
3.350000 0.821165 0.201199
3.450000 0.821497 0.207122
3.550000 0.821768 0.212714
3.650000 0.821980 0.218000
3.750000 0.822142 0.223013
3.850000 0.822260 0.227793
3.950000 0.822342 0.232381
4.050000 0.822395 0.236816
4.150000 0.822426 0.241131
4.250000 0.822439 0.245352
4.350000 0.822437 0.249496
4.450000 0.822422 0.253572
4.550000 0.822396 0.257587
4.650000 0.822357 0.261544
4.750000 0.822308 0.265443
4.850000 0.822248 0.269285
4.950000 0.822177 0.273070
5.050000 0.822094 0.276799
5.150000 0.822001 0.280470
5.250000 0.821897 0.284085
5.350000 0.821783 0.287643
5.450000 0.821657 0.291145
5.550000 0.821520 0.294589
5.650000 0.821373 0.297977
5.750000 0.821215 0.301309
5.850000 0.821047 0.304583
5.950000 0.820868 0.307801
6.050000 0.820680 0.310963
6.150000 0.820482 0.314069
6.250000 0.820275 0.317120
6.350000 0.820059 0.320115
6.450000 0.819836 0.323056
6.550000 0.819605 0.325943
6.650000 0.819367 0.328775
6.750000 0.819122 0.331555
6.850000 0.818870 0.334281
6.950000 0.818612 0.336955
7.050000 0.818347 0.339575
7.150000 0.818075 0.342142
7.250000 0.817798 0.344657
7.350000 0.817514 0.347118
7.450000 0.817223 0.349527
7.550000 0.816926 0.351883
7.650000 0.816623 0.354186
7.750000 0.816313 0.356436
7.850000 0.815998 0.358633
7.950000 0.815676 0.360777
8.050000 0.815347 0.362869
8.150000 0.815012 0.364908
8.250000 0.814670 0.366895
8.350000 0.814319 0.368832
8.450000 0.813959 0.370722
8.550000 0.813587 0.372567
8.650000 0.813200 0.374375
8.750000 0.812796 0.376153
8.850000 0.812370 0.377911
8.950000 0.811920 0.379659
9.050000 0.811444 0.381406
9.150000 0.810940 0.383161
9.250000 0.810407 0.384929
9.350000 0.809844 0.386716
9.450000 0.809252 0.388522
9.550000 0.808630 0.390350
9.650000 0.807977 0.392201
9.750000 0.807295 0.394074
9.850000 0.806583 0.395969
9.950000 0.805840 0.397888
10.050000 0.805067 0.399829
10.150000 0.804264 0.401792
10.250000 0.803430 0.403778
10.350000 0.802567 0.405787
10.450000 0.801672 0.407819
10.550000 0.800748 0.409873
10.650000 0.799793 0.411949
10.750000 0.798809 0.414048
10.850000 0.797796 0.416167
10.950000 0.796757 0.418308
11.050000 0.795693 0.420466
11.150000 0.794609 0.422640
11.250000 0.793508 0.424825
11.350000 0.792394 0.427018
11.450000 0.791272 0.429213
11.550000 0.790144 0.431406
11.650000 0.789012 0.433594
11.750000 0.787879 0.435773
11.850000 0.786744 0.437941
11.950000 0.785610 0.440097
12.050000 0.784475 0.442241
12.150000 0.783340 0.444372
12.250000 0.782206 0.446490
12.350000 0.781071 0.448596
12.450000 0.779936 0.450688
12.550000 0.778802 0.452767
12.650000 0.777667 0.454834
12.750000 0.776533 0.456887
12.850000 0.775399 0.458928
12.950000 0.774265 0.460955
13.050000 0.773131 0.462970
13.150000 0.771997 0.464972
13.250000 0.770863 0.466961
13.350000 0.769729 0.468937
13.450000 0.768595 0.470900
13.550000 0.767461 0.472852
13.650000 0.766326 0.474791
13.750000 0.765190 0.476719
13.850000 0.764053 0.478637
13.950000 0.762914 0.480545
14.050000 0.761774 0.482443
14.150000 0.760631 0.484333
14.250000 0.759486 0.486215
14.350000 0.758339 0.488089
14.450000 0.757190 0.489955
14.550000 0.756039 0.491813
14.650000 0.754886 0.493664
14.750000 0.753730 0.495507
14.850000 0.752572 0.497343
14.950000 0.751412 0.499171
15.050000 0.750250 0.500992
15.150000 0.749085 0.502805
15.250000 0.747918 0.504611
15.350000 0.746750 0.506409
15.450000 0.745579 0.508199
15.550000 0.744405 0.509982
15.650000 0.743230 0.511758
15.750000 0.742052 0.513526
15.850000 0.740872 0.515286
15.950000 0.739688 0.517038
16.050000 0.738501 0.518782
16.150000 0.737310 0.520518
16.250000 0.736113 0.522244
16.350000 0.734910 0.523960
16.450000 0.733699 0.525665
16.550000 0.732481 0.527359
16.650000 0.731254 0.529041
16.750000 0.730017 0.530711
16.850000 0.728771 0.532368
16.950000 0.727516 0.534012
17.050000 0.726251 0.535642
17.150000 0.724976 0.537260
17.250000 0.723691 0.538865
17.350000 0.722397 0.540456
17.450000 0.721093 0.542034
17.550000 0.719780 0.543600
17.650000 0.718456 0.545152
17.750000 0.717123 0.546691
17.850000 0.715781 0.548217
17.950000 0.714429 0.549730
18.050000 0.713067 0.551229
18.150000 0.711695 0.552716
18.250000 0.710314 0.554190
18.350000 0.708924 0.555651
18.450000 0.707524 0.557100
18.550000 0.706116 0.558537
18.650000 0.704699 0.559964
18.750000 0.703275 0.561381
18.850000 0.701844 0.562791
18.950000 0.700407 0.564195
19.050000 0.698964 0.565595
19.150000 0.697516 0.566992
19.250000 0.696064 0.568387
19.350000 0.694606 0.569781
19.450000 0.693144 0.571174
19.550000 0.691678 0.572567
19.650000 0.690207 0.573959
19.750000 0.688732 0.575351
19.850000 0.687252 0.576742
19.950000 0.685768 0.578133
20.050000 0.684279 0.579524
20.150000 0.682786 0.580914
20.250000 0.681289 0.582304
20.350000 0.679787 0.583693
20.450000 0.678281 0.585083
20.550000 0.676770 0.586471
20.650000 0.675255 0.587860
20.750000 0.673736 0.589247
20.850000 0.672212 0.590634
20.950000 0.670684 0.592020
21.050000 0.669152 0.593403
21.150000 0.667617 0.594783
21.250000 0.666077 0.596159
21.350000 0.664535 0.597528
21.450000 0.662989 0.598888
21.550000 0.661441 0.600239
21.650000 0.659889 0.601577
21.750000 0.658335 0.602902
21.850000 0.656777 0.604214
21.950000 0.655217 0.605512
22.050000 0.653655 0.606795
22.150000 0.652089 0.608064
22.250000 0.650521 0.609318
22.350000 0.648950 0.610557
22.450000 0.647376 0.611782
22.550000 0.645799 0.612992
22.650000 0.644220 0.614187
22.750000 0.642638 0.615368
22.850000 0.641053 0.616535
22.950000 0.639466 0.617686
23.050000 0.637876 0.618823
23.150000 0.636283 0.619946
23.250000 0.634689 0.621053
23.350000 0.633094 0.622147
23.450000 0.631498 0.623225
23.550000 0.629904 0.624288
23.650000 0.628314 0.625337
23.750000 0.626731 0.626370
23.850000 0.625156 0.627387
23.950000 0.623593 0.628388
24.050000 0.622044 0.629373
24.150000 0.620511 0.630341
24.250000 0.618994 0.631291
24.350000 0.617495 0.632225
24.450000 0.616014 0.633141
24.550000 0.614550 0.634040
24.650000 0.613105 0.634922
24.750000 0.611678 0.635786
24.850000 0.610270 0.636632
24.950000 0.608879 0.637462
25.050000 0.607507 0.638274
25.150000 0.606154 0.639068
25.250000 0.604818 0.639845
25.350000 0.603501 0.640605
25.450000 0.602203 0.641348
25.550000 0.600922 0.642073
25.650000 0.599660 0.642781
25.750000 0.598414 0.643472
25.850000 0.597186 0.644147
25.950000 0.595971 0.644806
26.050000 0.594769 0.645451
26.150000 0.593575 0.646084
26.250000 0.592385 0.646708
26.350000 0.591196 0.647326
26.450000 0.590003 0.647943
26.550000 0.588803 0.648561
26.650000 0.587593 0.649184
26.750000 0.586372 0.649813
26.850000 0.585139 0.650451
26.950000 0.583893 0.651098
27.050000 0.582635 0.651755
27.150000 0.581363 0.652422
27.250000 0.580078 0.653099
27.350000 0.578779 0.653786
27.450000 0.577468 0.654484
27.550000 0.576143 0.655191
27.650000 0.574805 0.655909
27.750000 0.573454 0.656636
27.850000 0.572089 0.657374
27.950000 0.570711 0.658122
28.050000 0.569320 0.658881
28.150000 0.567915 0.659649
28.250000 0.566496 0.660427
28.350000 0.565062 0.661215
28.450000 0.563613 0.662014
28.550000 0.562145 0.662821
28.650000 0.560658 0.663638
28.750000 0.559148 0.664463
28.850000 0.557612 0.665297
28.950000 0.556048 0.666138
29.050000 0.554454 0.666986
29.150000 0.552827 0.667841
29.250000 0.551166 0.668702
29.350000 0.549471 0.669569
29.450000 0.547742 0.670442
29.550000 0.545977 0.671320
29.650000 0.544177 0.672205
29.750000 0.542342 0.673095
29.850000 0.540472 0.673990
29.950000 0.538567 0.674892
30.050000 0.536626 0.675799
30.150000 0.534650 0.676712
30.250000 0.532639 0.677631
30.350000 0.530592 0.678555
30.450000 0.528510 0.679485
30.550000 0.526394 0.680420
30.650000 0.524243 0.681361
30.750000 0.522059 0.682308
30.850000 0.519845 0.683260
30.950000 0.517605 0.684217
31.050000 0.515346 0.685178
31.150000 0.513075 0.686143
31.250000 0.510804 0.687111
31.350000 0.508543 0.688080
31.450000 0.506302 0.689048
31.550000 0.504089 0.690014
31.650000 0.501911 0.690977
31.750000 0.499772 0.691936
31.850000 0.497675 0.692890
31.950000 0.495621 0.693839
32.050000 0.493611 0.694782
32.150000 0.491645 0.695720
32.250000 0.489724 0.696652
32.350000 0.487848 0.697578
32.450000 0.486016 0.698499
32.550000 0.484228 0.699414
32.650000 0.482486 0.700323
32.750000 0.480788 0.701227
32.850000 0.479134 0.702126
32.950000 0.477526 0.703018
33.050000 0.475961 0.703905
33.150000 0.474441 0.704787
33.250000 0.472963 0.705663
33.350000 0.471525 0.706533
33.450000 0.470124 0.707398
33.550000 0.468753 0.708258
33.650000 0.467406 0.709114
33.750000 0.466073 0.709966
33.850000 0.464745 0.710814
33.950000 0.463414 0.711660
34.050000 0.462072 0.712505
34.150000 0.460712 0.713349
34.250000 0.459332 0.714193
34.350000 0.457929 0.715037
34.450000 0.456502 0.715881
34.550000 0.455050 0.716726
34.650000 0.453573 0.717572
34.750000 0.452071 0.718418
34.850000 0.450543 0.719265
34.950000 0.448990 0.720113
35.050000 0.447412 0.720961
35.150000 0.445808 0.721810
35.250000 0.444179 0.722660
35.350000 0.442524 0.723510
35.450000 0.440844 0.724361
35.550000 0.439140 0.725213
35.650000 0.437410 0.726065
35.750000 0.435656 0.726917
35.850000 0.433879 0.727770
35.950000 0.432082 0.728622
36.050000 0.430268 0.729472
36.150000 0.428441 0.730319
36.250000 0.426607 0.731159
36.350000 0.424771 0.731992
36.450000 0.422937 0.732813
36.550000 0.421111 0.733620
36.650000 0.419296 0.734410
36.750000 0.417493 0.735183
36.850000 0.415705 0.735936
36.950000 0.413932 0.736669
37.050000 0.412174 0.737382
37.150000 0.410431 0.738074
37.250000 0.408704 0.738745
37.350000 0.406993 0.739396
37.450000 0.405297 0.740026
37.550000 0.403617 0.740635
37.650000 0.401953 0.741224
37.750000 0.400305 0.741791
37.850000 0.398672 0.742338
37.950000 0.397056 0.742865
38.050000 0.395454 0.743370
38.150000 0.393869 0.743855
38.250000 0.392299 0.744320
38.350000 0.390744 0.744766
38.450000 0.389202 0.745192
38.550000 0.387674 0.745601
38.650000 0.386156 0.745996
38.750000 0.384647 0.746378
38.850000 0.383145 0.746753
38.950000 0.381648 0.747124
39.050000 0.380154 0.747494
39.150000 0.378663 0.747867
39.250000 0.377173 0.748246
39.350000 0.375683 0.748631
39.450000 0.374194 0.749024
39.550000 0.372706 0.749426
39.650000 0.371218 0.749836
39.750000 0.369730 0.750254
39.850000 0.368243 0.750682
39.950000 0.366756 0.751118
40.050000 0.365270 0.751563
40.150000 0.363783 0.752017
40.250000 0.362297 0.752479
40.350000 0.360812 0.752951
40.450000 0.359327 0.753431
40.550000 0.357842 0.753920
40.650000 0.356358 0.754417
40.750000 0.354875 0.754923
40.850000 0.353394 0.755438
40.950000 0.351917 0.755960
41.050000 0.350446 0.756490
41.150000 0.348984 0.757026
41.250000 0.347534 0.757567
41.350000 0.346100 0.758111
41.450000 0.344686 0.758657
41.550000 0.343294 0.759202
41.650000 0.341927 0.759746
41.750000 0.340587 0.760288
41.850000 0.339273 0.760826
41.950000 0.337988 0.761360
42.050000 0.336730 0.761890
42.150000 0.335500 0.762416
42.250000 0.334298 0.762938
42.350000 0.333125 0.763456
42.450000 0.331979 0.763969
42.550000 0.330862 0.764478
42.650000 0.329773 0.764983
42.750000 0.328711 0.765484
42.850000 0.327679 0.765980
42.950000 0.326674 0.766472
43.050000 0.325697 0.766960
43.150000 0.324747 0.767444
43.250000 0.323825 0.767924
43.350000 0.322927 0.768399
43.450000 0.322051 0.768869
43.550000 0.321193 0.769335
43.650000 0.320348 0.769796
43.750000 0.319510 0.770251
43.850000 0.318671 0.770699
43.950000 0.317826 0.771142
44.050000 0.316968 0.771577
44.150000 0.316095 0.772005
44.250000 0.315202 0.772425
44.350000 0.314289 0.772837
44.450000 0.313355 0.773242
44.550000 0.312399 0.773639
44.650000 0.311420 0.774027
44.750000 0.310420 0.774408
44.850000 0.309397 0.774781
44.950000 0.308352 0.775145
45.050000 0.307285 0.775502
45.150000 0.306195 0.775851
45.250000 0.305084 0.776191
45.350000 0.303950 0.776524
45.450000 0.302794 0.776849
45.550000 0.301616 0.777166
45.650000 0.300417 0.777475
45.750000 0.299196 0.777776
45.850000 0.297954 0.778069
45.950000 0.296694 0.778355
46.050000 0.295418 0.778634
46.150000 0.294129 0.778907
46.250000 0.292829 0.779175
46.350000 0.291525 0.779438
46.450000 0.290218 0.779698
46.550000 0.288912 0.779956
46.650000 0.287610 0.780213
46.750000 0.286313 0.780469
46.850000 0.285022 0.780725
46.950000 0.283737 0.780981
47.050000 0.282460 0.781236
47.150000 0.281189 0.781493
47.250000 0.279926 0.781749
47.350000 0.278669 0.782006
47.450000 0.277420 0.782262
47.550000 0.276178 0.782520
47.650000 0.274942 0.782777
47.750000 0.273714 0.783035
47.850000 0.272493 0.783292
47.950000 0.271279 0.783551
48.050000 0.270072 0.783809
48.150000 0.268872 0.784068
48.250000 0.267678 0.784326
48.350000 0.266490 0.784585
48.450000 0.265308 0.784843
48.550000 0.264130 0.785101
48.650000 0.262954 0.785357
48.750000 0.261780 0.785612
48.850000 0.260603 0.785863
48.950000 0.259424 0.786110
49.050000 0.258240 0.786351
49.150000 0.257050 0.786587
49.250000 0.255854 0.786817
49.350000 0.254650 0.787039
49.450000 0.253439 0.787255
49.550000 0.252220 0.787463
49.650000 0.250993 0.787664
49.750000 0.249759 0.787857
49.850000 0.248517 0.788043
49.950000 0.247268 0.788222
50.050000 0.246011 0.788393
50.150000 0.244746 0.788557
50.250000 0.243473 0.788714
50.350000 0.242193 0.788863
50.450000 0.240905 0.789005
50.550000 0.239610 0.789140
50.650000 0.238307 0.789267
50.750000 0.236998 0.789387
50.850000 0.235684 0.789501
50.950000 0.234366 0.789607
51.050000 0.233047 0.789708
51.150000 0.231730 0.789804
51.250000 0.230420 0.789897
51.350000 0.229121 0.789988
51.450000 0.227837 0.790078
51.550000 0.226572 0.790169
51.650000 0.225328 0.790262
51.750000 0.224107 0.790359
51.850000 0.222911 0.790459
51.950000 0.221739 0.790564
52.050000 0.220593 0.790673
52.150000 0.219472 0.790786
52.250000 0.218376 0.790904
52.350000 0.217306 0.791027
52.450000 0.216261 0.791154
52.550000 0.215242 0.791285
52.650000 0.214248 0.791421
52.750000 0.213279 0.791562
52.850000 0.212336 0.791707
52.950000 0.211418 0.791857
53.050000 0.210525 0.792011
53.150000 0.209657 0.792170
53.250000 0.208813 0.792333
53.350000 0.207991 0.792500
53.450000 0.207191 0.792671
53.550000 0.206407 0.792845
53.650000 0.205637 0.793021
53.750000 0.204875 0.793199
53.850000 0.204116 0.793376
53.950000 0.203354 0.793552
54.050000 0.202585 0.793725
54.150000 0.201807 0.793894
54.250000 0.201016 0.794058
54.350000 0.200213 0.794217
54.450000 0.199395 0.794370
54.550000 0.198562 0.794518
54.650000 0.197715 0.794660
54.750000 0.196853 0.794796
54.850000 0.195977 0.794926
54.950000 0.195085 0.795050
55.050000 0.194179 0.795168
55.150000 0.193259 0.795281
55.250000 0.192323 0.795387
55.350000 0.191373 0.795488
55.450000 0.190408 0.795583
55.550000 0.189428 0.795672
55.650000 0.188434 0.795755
55.750000 0.187425 0.795832
55.850000 0.186400 0.795904
55.950000 0.185361 0.795970
56.050000 0.184306 0.796031
56.150000 0.183236 0.796087
56.250000 0.182149 0.796138
56.350000 0.181045 0.796186
56.450000 0.179925 0.796231
56.550000 0.178787 0.796274
56.650000 0.177631 0.796314
56.750000 0.176457 0.796354
56.850000 0.175265 0.796392
56.950000 0.174055 0.796429
57.050000 0.172827 0.796466
57.150000 0.171581 0.796501
57.250000 0.170317 0.796536
57.350000 0.169034 0.796570
57.450000 0.167734 0.796604
57.550000 0.166415 0.796636
57.650000 0.165078 0.796668
57.750000 0.163723 0.796699
57.850000 0.162350 0.796730
57.950000 0.160959 0.796759
58.050000 0.159550 0.796788
58.150000 0.158122 0.796816
58.250000 0.156678 0.796843
58.350000 0.155217 0.796870
58.450000 0.153740 0.796895
58.550000 0.152249 0.796920
58.650000 0.150747 0.796944
58.750000 0.149236 0.796967
58.850000 0.147719 0.796990
58.950000 0.146199 0.797011
59.050000 0.144679 0.797030
59.150000 0.143159 0.797049
59.250000 0.141641 0.797066
59.350000 0.140126 0.797081
59.450000 0.138615 0.797095
59.550000 0.137106 0.797107
59.650000 0.135602 0.797118
59.750000 0.134100 0.797127
59.850000 0.132603 0.797134
59.950000 0.131108 0.797140
60.050000 0.129618 0.797144
60.150000 0.128130 0.797147
60.250000 0.126647 0.797148
60.350000 0.125167 0.797147
60.450000 0.123690 0.797145
60.550000 0.122218 0.797141
60.650000 0.120749 0.797135
60.750000 0.119284 0.797129
60.850000 0.117824 0.797120
60.950000 0.116371 0.797110
61.050000 0.114925 0.797099
61.150000 0.113490 0.797087
61.250000 0.112068 0.797074
61.350000 0.110661 0.797061
61.450000 0.109274 0.797048
61.550000 0.107907 0.797036
61.650000 0.106563 0.797024
61.750000 0.105243 0.797012
61.850000 0.103947 0.797002
61.950000 0.102676 0.796993
62.050000 0.101431 0.796984
62.150000 0.100211 0.796977
62.250000 0.099016 0.796971
62.350000 0.097847 0.796965
62.450000 0.096703 0.796961
62.550000 0.095584 0.796958
62.650000 0.094490 0.796956
62.750000 0.093422 0.796955
62.850000 0.092380 0.796955
62.950000 0.091362 0.796956
63.050000 0.090370 0.796958
63.150000 0.089403 0.796961
63.250000 0.088460 0.796966
63.350000 0.087540 0.796971
63.450000 0.086642 0.796977
63.550000 0.085764 0.796984
63.650000 0.084903 0.796991
63.750000 0.084054 0.796999
63.850000 0.083214 0.797008
63.950000 0.082379 0.797016
64.050000 0.081546 0.797025
64.150000 0.080714 0.797034
64.250000 0.079879 0.797043
64.350000 0.079042 0.797051
64.450000 0.078202 0.797060
64.550000 0.077358 0.797068
64.650000 0.076511 0.797076
64.750000 0.075660 0.797084
64.850000 0.074805 0.797092
64.950000 0.073947 0.797100
65.050000 0.073085 0.797107
65.150000 0.072220 0.797115
65.250000 0.071351 0.797122
65.350000 0.070478 0.797129
65.450000 0.069601 0.797136
65.550000 0.068722 0.797142
65.650000 0.067839 0.797149
65.750000 0.066953 0.797156
65.850000 0.066065 0.797162
65.950000 0.065178 0.797168
66.050000 0.064293 0.797175
66.150000 0.063412 0.797182
66.250000 0.062541 0.797189
66.350000 0.061683 0.797196
66.450000 0.060841 0.797205
66.550000 0.060019 0.797214
66.650000 0.059218 0.797224
66.750000 0.058441 0.797235
66.850000 0.057688 0.797247
66.950000 0.056960 0.797260
67.050000 0.056258 0.797274
67.150000 0.055580 0.797289
67.250000 0.054929 0.797305
67.350000 0.054302 0.797323
67.450000 0.053701 0.797341
67.550000 0.053125 0.797360
67.650000 0.052574 0.797381
67.750000 0.052049 0.797402
67.850000 0.051549 0.797425
67.950000 0.051075 0.797449
68.050000 0.050626 0.797473
68.150000 0.050201 0.797499
68.250000 0.049802 0.797526
68.350000 0.049425 0.797554
68.450000 0.049072 0.797582
68.550000 0.048738 0.797612
68.650000 0.048422 0.797642
68.750000 0.048121 0.797673
68.850000 0.047830 0.797705
68.950000 0.047547 0.797736
69.050000 0.047270 0.797768
69.150000 0.046995 0.797800
69.250000 0.046722 0.797832
69.350000 0.046450 0.797864
69.450000 0.046178 0.797896
69.550000 0.045907 0.797929
69.650000 0.045635 0.797961
69.750000 0.045364 0.797993
69.850000 0.045092 0.798025
69.950000 0.044821 0.798057
70.050000 0.044549 0.798089
70.150000 0.044278 0.798121
70.250000 0.044006 0.798154
70.350000 0.043735 0.798186
70.450000 0.043463 0.798218
70.550000 0.043192 0.798250
70.650000 0.042920 0.798282
70.750000 0.042649 0.798314
70.850000 0.042378 0.798346
70.950000 0.042107 0.798379
71.050000 0.041837 0.798411
71.150000 0.041568 0.798443
71.250000 0.041301 0.798475
71.350000 0.041036 0.798508
71.450000 0.040773 0.798540
71.550000 0.040513 0.798573
71.650000 0.040256 0.798606
71.750000 0.040003 0.798638
71.850000 0.039753 0.798671
71.950000 0.039507 0.798705
72.050000 0.039265 0.798738
72.150000 0.039026 0.798771
72.250000 0.038790 0.798805
72.350000 0.038558 0.798839
72.450000 0.038330 0.798873
72.550000 0.038106 0.798907
72.650000 0.037885 0.798941
72.750000 0.037668 0.798975
72.850000 0.037454 0.799010
72.950000 0.037244 0.799045
73.050000 0.037038 0.799080
73.150000 0.036835 0.799115
73.250000 0.036636 0.799150
73.350000 0.036440 0.799185
73.450000 0.036247 0.799220
73.550000 0.036058 0.799256
73.650000 0.035872 0.799292
73.750000 0.035689 0.799327
73.850000 0.035509 0.799363
73.950000 0.035330 0.799399
74.050000 0.035154 0.799435
74.150000 0.034980 0.799472
74.250000 0.034808 0.799508
74.350000 0.034638 0.799544
74.450000 0.034470 0.799581
74.550000 0.034303 0.799617
74.650000 0.034138 0.799654
74.750000 0.033976 0.799690
74.850000 0.033814 0.799727
74.950000 0.033655 0.799764
75.050000 0.033498 0.799801
75.150000 0.033342 0.799838
75.250000 0.033188 0.799875
75.350000 0.033036 0.799912
75.450000 0.032886 0.799949
75.550000 0.032737 0.799986
75.650000 0.032591 0.800024
75.750000 0.032446 0.800061
75.850000 0.032303 0.800099
75.950000 0.032162 0.800136
76.050000 0.032022 0.800174
76.150000 0.031885 0.800212
76.250000 0.031749 0.800249
76.350000 0.031615 0.800287
76.450000 0.031483 0.800325
76.550000 0.031353 0.800363
76.650000 0.031224 0.800401
76.750000 0.031097 0.800439
76.850000 0.030973 0.800478
76.950000 0.030849 0.800516
77.050000 0.030728 0.800554
77.150000 0.030609 0.800593
77.250000 0.030491 0.800631
77.350000 0.030375 0.800670
77.450000 0.030261 0.800709
77.550000 0.030149 0.800747
77.650000 0.030039 0.800786
77.750000 0.029930 0.800825
77.850000 0.029823 0.800864
77.950000 0.029718 0.800903
78.050000 0.029615 0.800942
78.150000 0.029513 0.800981
78.250000 0.029413 0.801019
78.350000 0.029314 0.801055
78.450000 0.029215 0.801089
78.550000 0.029115 0.801120
78.650000 0.029013 0.801145
78.750000 0.028908 0.801166
78.850000 0.028797 0.801180
78.950000 0.028678 0.801188
79.050000 0.028552 0.801192
79.150000 0.028416 0.801191
79.250000 0.028270 0.801188
79.350000 0.028114 0.801183
79.450000 0.027947 0.801176
79.550000 0.027769 0.801169
79.650000 0.027581 0.801161
79.750000 0.027381 0.801153
79.850000 0.027171 0.801144
79.950000 0.026949 0.801135
80.050000 0.026717 0.801125
80.150000 0.026474 0.801115
80.250000 0.026220 0.801104
80.350000 0.025955 0.801093
80.450000 0.025680 0.801081
80.550000 0.025393 0.801069
80.650000 0.025096 0.801057
80.750000 0.024788 0.801044
80.850000 0.024471 0.801030
80.950000 0.024144 0.801017
81.050000 0.023810 0.801003
81.150000 0.023469 0.800988
81.250000 0.023123 0.800974
81.350000 0.022775 0.800959
81.450000 0.022426 0.800944
81.550000 0.022077 0.800930
81.650000 0.021731 0.800915
81.750000 0.021387 0.800900
81.850000 0.021046 0.800886
81.950000 0.020709 0.800872
82.050000 0.020375 0.800858
82.150000 0.020045 0.800844
82.250000 0.019718 0.800830
82.350000 0.019395 0.800817
82.450000 0.019076 0.800803
82.550000 0.018760 0.800790
82.650000 0.018448 0.800777
82.750000 0.018140 0.800764
82.850000 0.017835 0.800751
82.950000 0.017534 0.800738
83.050000 0.017237 0.800726
83.150000 0.016943 0.800713
83.250000 0.016653 0.800701
83.350000 0.016367 0.800689
83.450000 0.016084 0.800677
83.550000 0.015807 0.800666
83.650000 0.015534 0.800654
83.750000 0.015266 0.800643
83.850000 0.015004 0.800632
83.950000 0.014748 0.800621
84.050000 0.014498 0.800610
84.150000 0.014256 0.800600
84.250000 0.014020 0.800590
84.350000 0.013791 0.800581
84.450000 0.013570 0.800571
84.550000 0.013356 0.800562
84.650000 0.013149 0.800554
84.750000 0.012950 0.800545
84.850000 0.012758 0.800537
84.950000 0.012572 0.800529
85.050000 0.012395 0.800522
85.150000 0.012224 0.800515
85.250000 0.012061 0.800508
85.350000 0.011905 0.800501
85.450000 0.011756 0.800495
85.550000 0.011615 0.800489
85.650000 0.011480 0.800483
85.750000 0.011353 0.800478
85.850000 0.011232 0.800473
85.950000 0.011118 0.800468
86.050000 0.011009 0.800464
86.150000 0.010906 0.800459
86.250000 0.010807 0.800455
86.350000 0.010711 0.800451
86.450000 0.010617 0.800447
86.550000 0.010524 0.800443
86.650000 0.010433 0.800439
86.750000 0.010341 0.800435
86.850000 0.010251 0.800432
86.950000 0.010160 0.800428
87.050000 0.010069 0.800424
87.150000 0.009978 0.800420
87.250000 0.009888 0.800416
87.350000 0.009797 0.800413
87.450000 0.009706 0.800409
87.550000 0.009615 0.800405
87.650000 0.009525 0.800401
87.750000 0.009434 0.800397
87.850000 0.009343 0.800393
87.950000 0.009253 0.800390
88.050000 0.009162 0.800386
88.150000 0.009071 0.800382
88.250000 0.008981 0.800378
88.350000 0.008890 0.800374
88.450000 0.008799 0.800370
88.550000 0.008708 0.800367
88.650000 0.008618 0.800363
88.750000 0.008527 0.800359
88.850000 0.008436 0.800355
88.950000 0.008346 0.800351
89.050000 0.008255 0.800348
89.150000 0.008164 0.800344
89.250000 0.008073 0.800340
89.350000 0.007983 0.800336
89.450000 0.007892 0.800332
89.550000 0.007801 0.800328
89.650000 0.007711 0.800325
89.750000 0.007620 0.800321
89.850000 0.007529 0.800317
89.950000 0.007439 0.800313
90.050000 0.007348 0.800309
90.150000 0.007257 0.800306
90.250000 0.007166 0.800302
90.350000 0.007076 0.800298
90.450000 0.006985 0.800294
90.550000 0.006894 0.800290
90.650000 0.006804 0.800286
90.750000 0.006713 0.800283
90.850000 0.006622 0.800279
90.950000 0.006531 0.800275
91.050000 0.006441 0.800271
91.150000 0.006350 0.800267
91.250000 0.006259 0.800264
91.350000 0.006169 0.800260
91.450000 0.006078 0.800256
91.550000 0.005987 0.800252
91.650000 0.005897 0.800248
91.750000 0.005806 0.800244
91.850000 0.005715 0.800241
91.950000 0.005624 0.800237
92.050000 0.005534 0.800233
92.150000 0.005443 0.800229
92.250000 0.005352 0.800225
92.350000 0.005262 0.800222
92.450000 0.005171 0.800218
92.550000 0.005080 0.800214
92.650000 0.004989 0.800210
92.750000 0.004899 0.800206
92.850000 0.004808 0.800202
92.950000 0.004717 0.800199
93.050000 0.004627 0.800195
93.150000 0.004536 0.800191
93.250000 0.004445 0.800187
93.350000 0.004355 0.800183
93.450000 0.004264 0.800180
93.550000 0.004173 0.800176
93.650000 0.004082 0.800172
93.750000 0.003992 0.800168
93.850000 0.003901 0.800164
93.950000 0.003810 0.800160
94.050000 0.003720 0.800157
94.150000 0.003629 0.800153
94.250000 0.003538 0.800149
94.350000 0.003447 0.800145
94.450000 0.003357 0.800141
94.550000 0.003266 0.800138
94.650000 0.003175 0.800134
94.750000 0.003085 0.800130
94.850000 0.002994 0.800126
94.950000 0.002903 0.800122
95.050000 0.002813 0.800118
95.150000 0.002722 0.800115
95.250000 0.002631 0.800111
95.350000 0.002540 0.800107
95.450000 0.002450 0.800103
95.550000 0.002359 0.800099
95.650000 0.002268 0.800096
95.750000 0.002178 0.800092
95.850000 0.002087 0.800088
95.950000 0.001996 0.800084
96.050000 0.001905 0.800080
96.150000 0.001815 0.800076
96.250000 0.001724 0.800073
96.350000 0.001633 0.800069
96.450000 0.001543 0.800065
96.550000 0.001452 0.800061
96.650000 0.001361 0.800057
96.750000 0.001271 0.800053
96.850000 0.001180 0.800050
96.950000 0.001089 0.800046
97.050000 0.000998 0.800042
97.150000 0.000908 0.800038
97.250000 0.000817 0.800034
97.350000 0.000726 0.800031
97.450000 0.000636 0.800027
97.550000 0.000545 0.800023
97.650000 0.000454 0.800019
97.750000 0.000364 0.800015
97.850000 0.000273 0.800011
97.950000 0.000183 0.800008
98.050000 0.000094 0.800004
98.150000 0.000006 0.800000
98.250000 0.000000 0.800000
98.350000 0.000000 0.800000
98.450000 0.000000 0.800000
98.550000 0.000000 0.800000
98.650000 0.000000 0.800000
98.750000 0.000000 0.800000
