Attempt Threshold P_success FAR FRR P_user_success P_attacker_rejected MeanLimit AchievedMean FinalP_success k_user k_attacker
1 30.249901888544311 0.41216391459305146 0.1224093479293752 0.53034605186304762 0.46965394813695238 0.87759065207062481 1.8999999999999999 1.8999999979545772 0.66406017490344915 10 10
2 40.250000006634629 0.53111505385791002 0.037801736878979177 0.69959401903420437 0.62897307409820791 0.84441620115359928 1.8999999999999999 1.8999999979545772 0.66406017490344915 10 10
3 41.250220062816211 0.5999574704670052 0.033210127641179921 0.71448712452848717 0.73490603858978454 0.81637303133100803 1.8999999999999999 1.8999999979545772 0.66406017490344915 10 10
4 46.950392643990732 0.63291244834274263 0.017160912766080592 0.79665982302099569 0.78881029161900307 0.8023633249557558 1.8999999999999999 1.8999999979545772 0.66406017490344915 10 10
5 48.550099242275735 0.65440015411753272 0.014151839049520087 0.81775477883075476 0.82729860673156619 0.79100840832174413 1.8999999999999999 1.8999999979545772 0.66406017490344915 10 10
6 68.948669825067356 0.65891963294637279 2.4663086074136263e-05 0.96679753908213706 0.83303271799202183 0.79098889961328434 1.8999999999999999 1.8999999979545772 0.66406017490344915 10 10
7 69.05292115611428 0.66326357408463898 1.3176524148349775e-05 0.96704244013936624 0.83853555218356712 0.79097847712894753 1.8999999999999999 1.8999999979545772 0.66406017490344915 10 10
8 88.617645992758227 0.66406017490344915 0 0.9937626635590544 0.83954266026784974 0.79097847712894753 1.8999999999999999 1.8999999979545772 0.66406017490344915 10 10
9 98.032339048235841 0.66406017490344915 0 1 0.83954266026784974 0.79097847712894753 1.8999999999999999 1.8999999979545772 0.66406017490344915 10 10
10 98.034511235589093 0.66406017490344915 0 1 0.83954266026784974 0.79097847712894753 1.8999999999999999 1.8999999979545772 0.66406017490344915 10 10
