T P_success
1.250000 0.000000
3.750000 0.798084
6.250000 0.924230
8.750000 0.925410
11.250000 0.894009
13.750000 0.849141
16.250000 0.797355
18.750000 0.735480
21.250000 0.665596
23.750000 0.629618
26.250000 0.571653
28.750000 0.529679
31.250000 0.475712
33.750000 0.419745
36.250000 0.381807
38.750000 0.333831
41.250000 0.303877
43.750000 0.263920
46.250000 0.219933
48.750000 0.191961
51.250000 0.159968
53.750000 0.125975
56.250000 0.095981
58.750000 0.077984
61.250000 0.065987
63.750000 0.053989
66.250000 0.040000
68.750000 0.036000
71.250000 0.030000
73.750000 0.014000
76.250000 0.010000
78.750000 0.008000
81.250000 0.006000
83.750000 0.006000
86.250000 0.004000
88.750000 0.002000
91.250000 0.002000
93.750000 0.002000
96.250000 0.002000
98.750000 0.002000
