T P_and P_or
1.250000 0.750000 0.000000
3.750000 0.820808 0.685642
6.250000 0.809423 0.817499
8.750000 0.791541 0.837238
11.250000 0.761401 0.837734
13.750000 0.722414 0.834157
16.250000 0.678236 0.829129
18.750000 0.625548 0.823018
21.250000 0.566060 0.816105
23.750000 0.535462 0.812507
26.250000 0.486165 0.806711
28.750000 0.450468 0.802513
31.250000 0.404571 0.797117
33.750000 0.356975 0.791520
36.250000 0.324681 0.787802
38.750000 0.283883 0.783004
41.250000 0.258388 0.780085
43.750000 0.224392 0.776165
46.250000 0.186993 0.771766
48.750000 0.163196 0.769045
51.250000 0.135997 0.765845
53.750000 0.107097 0.762446
56.250000 0.081598 0.759447
58.750000 0.066298 0.757647
61.250000 0.056099 0.756447
63.750000 0.045899 0.755247
66.250000 0.034000 0.754000
68.750000 0.030600 0.753600
71.250000 0.025500 0.753000
73.750000 0.011900 0.751400
76.250000 0.008500 0.751000
78.750000 0.006800 0.750800
81.250000 0.005100 0.750600
83.750000 0.005100 0.750600
86.250000 0.003400 0.750400
88.750000 0.001700 0.750200
91.250000 0.001700 0.750200
93.750000 0.001700 0.750200
96.250000 0.001700 0.750200
98.750000 0.001700 0.750200
