bin genuine impostor
1.2500 12 7997
3.7500 32 1574
6.2500 24 259
8.7500 36 48
11.2500 46 12
13.7500 52 2
16.2500 62 1
18.7500 70 1
21.2500 36 0
23.7500 58 0
26.2500 42 0
28.7500 54 0
31.2500 56 0
33.7500 38 1
36.2500 48 0
38.7500 30 1
41.2500 40 1
43.7500 44 0
46.2500 28 1
48.7500 32 0
51.2500 34 0
53.7500 30 0
56.2500 18 0
58.7500 12 0
61.2500 12 0
63.7500 14 2
66.2500 4 0
68.7500 6 0
71.2500 16 0
73.7500 4 0
76.2500 2 0
78.7500 2 0
81.2500 0 0
83.7500 2 0
86.2500 2 0
88.7500 0 0
91.2500 0 0
93.7500 0 0
96.2500 0 0
98.7500 2 0
