T FAR FRR FAR_uniform FRR_uniform FAR_quadratic FRR_quadratic FAR_normal FRR_normal
1.25 1 0 1 0 0.5957929702 0.03562454543 0.5961313168 0.04719716899
3.75 0.192222 0.012 0.7058823529 0.04128002477 0.2780334753 0.05868420726 0.2397135392 0.06276347527
6.25 0.033232 0.044 0.4117647059 0.08428005057 0.04652992903 0.08662000745 0.04867945807 0.08206665214
8.75 0.007071 0.068 0.1176470588 0.1272800764 0 0.1189627256 0.004548794205 0.1055354771
11.25 0.002222 0.104 0 0.1702801022 0 0.1552431413 0.000186180576 0.1335106798
13.75 0.00101 0.15 0 0.213280128 0 0.1949920342 3.248942392e-06 0.1662051638
16.25 0.000808 0.202 0 0.2562801538 0 0.2377401838 2.379653416e-08 0.2036675195
18.75 0.000707 0.264 0 0.2992801796 0 0.2830183698 7.245197029e-11 0.2457532659
21.25 0.000606 0.334 0 0.3422802054 0 0.3303573718 9.112069984e-14 0.2921080265
23.75 0.000606 0.37 0 0.3852802312 0 0.3792879694 4.713573426e-17 0.342165971
26.25 0.000606 0.428 0 0.428280257 0 0.4293409422 9.99837717e-21 0.3951653824
28.75 0.000606 0.47 0 0.4712802828 0 0.4800470698 8.677383185e-25 0.4501813105
31.25 0.000606 0.524 0 0.5142803086 0 0.5309371317 3.076109609e-29 0.5061732109
33.75 0.000606 0.58 0 0.5572803344 0 0.5815419077 4.448460832e-34 0.562043554
36.25 0.000505 0.618 0 0.6002803602 0 0.6313921772 2.621645704e-39 0.616701944
38.75 0.000505 0.666 0 0.643280386 0 0.68001872 6.291354447e-45 0.6691285445
41.25 0.000404 0.696 0 0.6862804118 0 0.7269523156 6.1437876e-51 0.7184307019
43.75 0.000303 0.736 0 0.7292804376 0 0.7717237436 2.440151338e-57 0.7638875703
46.25 0.000303 0.78 0 0.7722804634 0 0.8138637836 3.939960644e-64 0.8049791147
48.75 0.000202 0.808 0 0.8152804892 0 0.8529032152 2.585226643e-71 0.8413978425
51.25 0.000202 0.84 0 0.858280515 0 0.8883728181 6.891263148e-79 0.8730436683
53.75 0.000202 0.874 0 0.9012805408 0 0.9198033718 7.460611024e-87 0.9000041375
56.25 0.000202 0.904 0 0.9442805666 0 0.9467256559 3.279620148e-95 0.9225235888
58.75 0.000202 0.922 0 0.9872805924 0 0.9686704501 5.852723257e-104 0.9409655669
61.25 0.000202 0.934 0 1 0 0.9851685339 4.239363398e-113 0.9557728895
63.75 0.000202 0.946 0 1 0 0.995750687 1.246188755e-122 0.9674293018
66.25 0 0.96 0 1 0 0.9999476889 1.486441356e-132 0.9764257811
68.75 0 0.964 0 1 0 1 7.193487419e-143 0.9832334683
71.25 0 0.97 0 1 0 1 1.412250407e-153 0.9882841022
73.75 0 0.986 0 1 0 1 1.124662354e-164 0.9919578684
76.25 0 0.99 0 1 0 1 3.632727712e-176 0.9945778389
78.75 0 0.992 0 1 0 1 4.758932195e-188 0.9964097339
81.25 0 0.994 0 1 0 1 2.52825672e-200 0.9976655441
83.75 0 0.994 0 1 0 1 5.446777917e-213 0.9985095914
86.25 0 0.996 0 1 0 1 4.758163822e-226 0.9990657884
88.75 0 0.998 0 1 0 1 1.685376546e-239 0.999425132
91.25 0 0.998 0 1 0 1 2.420421036e-253 0.999652752
93.75 0 0.998 0 1 0 1 1.409294169e-267 0.9997941131
96.25 0 0.998 0 1 0 1 3.326680352e-282 0.9998801864
98.75 0 0.998 0 1 0 1 3.183482759e-297 0.9999315703
